340823	117.3857	30.8602
340822	116.8035	30.579
340824	116.5528	30.7586
340825	116.1825	30.5011
340881	116.9535	30.9725
340827	116.688	30.2425
340826	116.2535	30.1082
340828	116.22	30.9018
340323	117.354	33.2728
340321	117.042	33.0371
340322	117.7642	33.1384
341623	116.1662	33.1573
341622	116.5915	33.223
341621	116.2235	33.5579
340522	118.052	31.662
340523	118.2938	31.7164
340124	117.3321	31.2736
340225	117.8648	31.2569
341721	117.0068	30.034
341723	117.9081	30.602
341722	117.5382	30.1991
341125	117.6659	32.4732
341126	117.6114	32.7922
341122	118.5356	32.4737
341182	118.1407	32.8118
341124	118.1057	32.0699
341181	118.9729	32.7212
341225	115.654	32.6558
341282	115.3986	33.2261
341221	115.2484	32.9097
341222	115.6487	33.3377
341226	116.2653	32.6624
340122	117.5758	32.0031
340123	117.0362	31.7326
340121	117.1744	32.2861
340621	116.7368	33.6932
340421	116.5849	32.7914
341024	117.6005	29.8737
341021	118.5751	29.8711
341022	118.093	29.6691
341023	117.9107	30.0147
341522	116.1735	32.2015
341525	116.2466	31.287
341524	115.7793	31.479
341521	116.7689	32.2623
341523	116.8285	31.31
340521	118.6466	31.503
340721	117.9185	30.9523
340222	118.2001	31.1283
340223	118.2882	30.8959
340221	118.5324	31.1916
341321	116.4202	34.454
341323	117.5431	33.6907
341324	117.8903	33.5443
341322	116.8124	34.2085
341822	119.3647	30.8939
341824	118.6637	30.1624
341823	118.376	30.5992
341825	118.4828	30.3218
341821	119.1679	31.1001
341881	118.997	30.5029
110114	116.2164	40.2217
110105	116.5216	39.9589
110115	116.4251	39.6527
110101	116.4218	39.9385
110111	115.8628	39.7267
110106	116.2583	39.8419
110108	116.2396	40.0331
110116	116.5934	40.6381
110109	115.7957	40.0008
110228	117.0012	40.5328
110117	117.1504	40.2159
110107	116.1845	39.9388
110113	116.7282	40.1549
110112	116.74	39.8098
110102	116.3731	39.9342
110229	116.1697	40.5451
350181	119.3775	25.6381
350122	119.5683	26.3015
350123	119.4652	26.5063
350121	119.1223	26.1824
350124	118.7788	26.2122
350128	119.7664	25.5377
350125	118.7947	25.8573
350182	119.5627	25.9155
350825	116.8214	25.6041
350823	116.5686	25.1265
350824	116.1359	25.139
350822	116.8255	24.7618
350881	117.4517	25.3799
350821	116.3718	25.6969
350723	117.3555	27.6555
350783	118.4851	27.0449
350784	118.0677	27.4083
350722	118.5242	27.9451
350781	117.4805	27.2351
350721	117.8736	26.9087
350724	118.7656	27.6107
350782	118.0115	27.7481
350725	118.9716	27.3247
350981	119.6562	27.0558
350982	120.1983	27.2248
350922	118.8795	26.6188
350923	118.9892	26.9215
350924	119.5055	27.4262
350921	119.9905	26.8688
350926	119.8875	27.207
350925	119.3133	27.0943
350322	118.7046	25.4682
350524	117.9116	25.1256
350526	118.258	25.674
350521	118.8094	24.9918
350527	118.3797	24.4536
350582	118.5586	24.7296
350583	118.3889	25.0179
350581	118.6924	24.7448
350525	118.1409	25.3955
350425	117.8179	25.7974
350430	116.793	26.8177
350428	117.4008	26.7323
350421	117.2185	26.4184
350424	116.6781	26.31
350423	116.9211	26.0992
350427	117.8188	26.4465
350429	117.1256	26.8654
350481	117.3285	25.9194
350426	118.2538	26.1505
350626	117.4254	23.6911
350629	117.5438	24.9186
350681	117.8075	24.3988
350627	117.293	24.6688
350628	117.2007	24.3244
350622	117.3381	23.9849
350623	117.6914	24.1346
350625	117.8129	24.7445
350624	117.1329	23.874
620422	105.1018	35.9634
620423	104.0616	37.146
620421	104.7323	36.7491
621124	104.6324	35.5904
621122	104.6324	35.5904
621126	104.6324	35.5904
621121	104.6324	35.5904
621123	104.6324	35.5904
621125	104.6324	35.5904
623024	103.5704	34.0056
623001	103.0856	34.9972
623021	103.6319	34.7426
623026	102.4775	34.3926
623025	101.6689	33.8507
623027	102.5065	35.023
623023	104.3263	33.6348
623022	103.3936	34.6144
620321	102.0343	38.4334
620924	94.4523	39.0258
620982	94.158	40.3887
620921	99.1865	40.3825
620923	96.5325	40.6765
620981	97.4612	40.2255
620122	103.8904	36.3946
620121	103.2527	36.6169
620123	104.2442	35.9997
622926	103.4521	35.6984
622924	103.6311	35.478
622925	103.2985	35.3457
622922	103.629	35.258
622901	103.2005	35.5858
622921	103.0507	35.5187
622923	103.225	36.0078
621221	105.6882	33.7472
621223	104.4528	34.0134
621227	106.0333	33.8928
621224	105.6379	33.2849
621226	105.064	34.1116
621228	106.4038	33.9113
621222	104.7842	32.9472
621225	105.3385	33.9196
620823	107.0037	35.2491
620824	106.6086	35.2055
620821	107.4414	35.3541
620826	105.6775	35.434
620822	106.6713	35.5485
620825	106.6713	35.5485
621024	108.3173	36.0142
621023	108.0343	36.4444
621022	107.0721	36.6167
621026	107.6394	35.7449
621021	107.6825	36.0461
621027	107.6394	35.7449
621025	107.6394	35.7449
620523	105.2745	34.8094
620522	105.698	34.9535
620521	106.14	34.7425
620524	104.8867	34.6801
620525	106.2821	34.9959
620622	103.3429	37.5312
620621	103.2024	38.8277
620623	102.7611	37.2809
620724	99.6075	39.5416
620723	100.1912	39.347
620722	100.7984	38.4731
620725	101.2316	38.5302
620721	99.3267	38.9205
445121	116.6338	23.7259
445122	116.9061	23.865
440184	113.6848	23.6802
440183	113.7676	23.3467
441625	114.8269	23.933
441624	115.0118	24.4521
441623	114.5429	24.3405
441622	115.3622	24.3346
441621	115.0644	23.5254
441322	114.2884	23.3525
441323	114.9555	23.0491
441324	114.1372	23.6664
440785	112.2864	22.2409
440784	112.8016	22.6753
440783	112.548	22.3742
440781	112.7159	22.0346
445224	116.2247	23.034
445221	116.3617	23.6067
445222	115.9168	23.4947
445281	116.0781	23.2889
440923	111.2405	21.685
440981	110.9756	22.0355
440982	110.5395	21.8454
440983	111.1254	22.4319
441422	116.6641	24.3479
441423	116.2913	23.916
441427	116.1961	24.6832
441421	116.1995	24.3714
441426	115.9326	24.6956
441424	115.6413	23.8028
441481	115.7533	24.2673
441821	113.5666	23.881
441826	112.2636	24.5741
441825	112.1008	24.5151
441882	112.4591	24.937
441827	112.8865	23.8991
441823	112.6813	24.5094
441881	113.3231	24.2256
440523	117.0704	23.4391
441521	115.2863	22.9696
441581	115.788	22.9678
441523	115.6291	23.2844
440281	113.2469	25.2444
440282	114.3865	25.1899
440224	113.7854	25.1484
440232	113.1757	24.812
440222	114.1154	24.8527
440229	114.0304	24.4267
440233	114.1417	24.07
441702	111.93	21.7628
441781	111.6944	22.2238
441723	112.0662	21.9638
441721	111.6005	21.7206
445381	111.4932	22.6909
445321	112.2175	22.6269
445322	111.6199	23.0436
445323	111.9631	22.8473
440882	110.0126	20.7965
440881	110.1417	21.6452
440823	110.0398	21.2703
440883	110.7081	21.4416
440825	110.2578	20.4299
441226	111.9872	23.2763
441225	111.7234	23.5612
441283	112.4617	23.0825
441223	112.4433	23.6772
441224	112.1802	23.9742
441284	112.6875	23.4314
451024	106.5942	23.3822
451025	106.321	23.1496
451028	106.5178	24.8296
451027	106.6483	24.3637
451031	105.3032	24.6804
451026	105.8347	23.2475
451023	107.5775	23.5409
451022	107.1916	23.6145
451029	105.9998	24.3925
451021	106.8112	23.7297
451030	105.0973	24.3913
450521	109.3353	21.7404
451424	107.1371	22.8134
451421	107.8291	22.524
451423	106.8585	22.4315
451422	107.2946	22.005
451481	106.837	22.0936
451425	107.0813	23.1171
450681	108.061	21.6271
450621	107.9023	22.0536
450881	110.0871	23.3332
450821	110.4126	23.5386
450332	110.9094	24.9493
450327	111.0777	25.4588
450331	110.2609	25.2629
450322	110.0714	25.3062
450323	110.4181	25.381
450328	110.0102	25.8683
450330	110.7976	24.5589
450324	111.0264	25.9364
450325	110.601	25.607
450321	110.4829	24.8572
450326	109.9169	24.9973
450329	110.5984	26.0678
451227	107.2076	24.1575
451229	107.7119	23.9707
451224	107.4135	24.5116
451228	108.118	24.1697
451223	107.0197	24.56
451226	108.2919	25.1045
451225	108.8271	24.9045
451221	107.468	25.1194
451222	106.9965	25.0188
451281	108.5465	24.4811
451123	111.3132	24.8916
451121	110.9769	24.108
451122	111.2488	24.5138
451381	108.9425	23.8028
451324	110.1377	24.0898
451323	109.6876	23.6107
451322	109.7719	24.0191
451321	108.7523	24.0187
450222	109.2301	24.6298
450221	109.2742	24.2095
450223	109.8028	24.5321
450224	109.514	25.1397
450225	109.0578	25.3436
450226	109.51	25.7475
450126	108.9404	23.1683
450127	109.1689	22.7749
450123	107.6906	23.1102
450124	108.1696	23.6649
450125	108.6458	23.5217
450122	108.2601	23.258
450721	109.1477	22.3157
450722	109.5423	22.2713
450421	111.2983	23.6267
450481	111.0287	22.9252
450423	110.5612	24.1338
450422	110.7788	23.5109
450981	110.467	22.5288
450923	109.8789	22.0667
450922	110.2721	22.2517
450921	110.6102	22.8316
450924	109.9286	22.7984
520424	105.5687	25.8621
520421	106.2914	26.4087
520422	105.7426	26.3457
520423	105.8335	25.8443
520425	106.1883	25.7006
520521	105.6945	27.2312
520527	104.6381	27.1354
520523	106.2751	27.4485
520525	105.2838	26.8085
520522	106.1208	27.0504
520526	104.1378	26.9129
520524	105.7921	26.6481
520121	107.0468	27.0754
520181	106.3538	26.6886
520122	106.6819	27.1508
520123	106.5905	26.9315
520222	104.6669	25.7728
520221	104.9303	26.4305
522626	108.7074	27.3653
522633	108.7297	25.7188
522636	107.9312	26.2312
522622	107.8692	26.953
522629	108.6945	26.6512
522628	109.1324	26.5667
522601	107.9482	26.6317
522634	108.1544	26.3432
522631	109.0745	26.1575
522635	107.6187	26.4682
522632	108.4199	26.0362
522624	108.7622	26.9402
522623	108.1541	27.0703
522630	108.3235	26.6561
522627	109.2645	26.9246
522625	108.4758	27.1216
522701	107.4775	26.1536
522726	107.5637	25.6368
522702	107.4912	26.7771
522723	107.2039	26.4336
522731	106.7222	25.9829
522722	107.9302	25.4013
522730	106.9959	26.5065
522728	106.7097	25.4192
522727	107.113	25.7918
522732	107.9565	25.8528
522725	107.4214	27.1723
522729	106.4041	26.0004
522328	105.3802	25.1399
522327	105.8386	24.9235
522323	105.0001	25.7278
522324	105.2084	25.8413
522326	106.1732	25.2323
522322	105.2776	25.4997
522301	104.8578	25.0025
522325	105.6933	25.4216
520626	108.0947	28.2645
520621	108.7786	27.7288
520623	108.1699	27.4907
520624	108.1494	27.8488
520628	109.0415	28.1297
520627	108.3442	28.6242
520625	108.5323	27.9987
520622	108.9918	27.3358
520381	105.9205	28.4933
520325	107.6168	28.9341
520327	107.7715	27.9288
520328	107.4916	27.7648
520382	106.3479	27.8392
520323	107.2035	28.1463
520322	106.8863	28.4144
520326	107.9199	28.6614
520330	106.3589	28.3573
520329	107.7093	27.3947
520324	107.4127	28.5066
520321	106.9026	27.6693
130683	115.3348	38.3937
130632	115.8867	38.8782
130637	115.4877	38.4591
130626	115.755	39.2115
130682	115.0574	38.4658
130624	114.1642	38.8948
130684	116.0409	39.265
130628	115.8384	38.673
130623	115.4446	39.6161
130630	114.7304	39.3669
130635	115.6692	38.5282
130621	115.2775	38.9702
130622	115.4934	38.7383
130634	114.6606	38.7066
130629	115.9087	39.0578
130636	115.0739	38.9279
130627	114.806	38.9045
130631	115.1783	38.679
130638	116.1832	39.0427
130625	115.5796	39.0418
130633	115.254	39.3175
130681	115.999	39.4824
130981	116.3892	38.0902
130921	116.8627	38.3021
130923	116.6778	37.8874
130924	117.5672	38.1424
130984	116.2715	38.4837
130983	117.4002	38.4015
130930	117.1595	38.0912
130927	116.8658	38.0231
130922	116.8512	38.5657
130982	116.1632	38.7411
130926	115.8858	38.4222
130928	116.508	37.6618
130929	116.1755	38.2427
130925	117.2669	37.9603
130821	118.1257	40.9732
130826	116.6237	41.4256
130827	118.6358	40.578
130825	117.5699	41.5179
130824	117.3695	40.9248
130823	118.7393	41.0753
130828	117.547	42.108
130822	117.7261	40.4581
130424	114.7047	36.4281
130427	114.2551	36.4067
130425	115.2486	36.3095
130428	114.8369	36.5772
130433	115.2991	36.6185
130432	115.0208	36.5119
130421	114.4944	36.6203
130431	114.8695	36.8736
130423	114.5869	36.2661
130430	115.2067	36.7972
130435	115.0385	36.7526
130426	113.7429	36.5981
130434	114.936	36.2505
130481	114.0583	36.7489
130429	114.6416	36.7702
131125	115.4904	38.2431
131128	116.3284	37.9123
131126	115.978	37.3569
131181	115.4702	37.556
131127	116.2001	37.6684
131124	115.74	38.223
131182	115.5866	37.957
131123	115.9201	38.0505
131122	115.9445	37.8276
131121	115.7576	37.461
131081	116.5743	39.1093
131028	116.955	39.8953
131025	116.5886	38.6688
131022	116.2896	39.3511
131082	117.0212	39.9674
131026	116.4948	38.9113
131024	117.0513	39.7431
131023	116.5605	39.3028
130322	119.0946	39.638
130323	119.3951	40.0129
130324	118.9855	39.9209
130321	119.1375	40.3536
130127	114.6073	37.6226
130182	114.8164	38.0549
130125	114.4574	38.5466
130183	115.0917	37.9911
130121	114.0779	38.0008
130126	114.1878	38.5109
130124	114.6329	37.9061
130131	113.8724	38.4087
130128	115.2331	38.1946
130130	114.9511	38.1832
130181	115.2987	37.9241
130184	114.7622	38.3775
130132	114.4283	37.8073
130129	114.2895	37.6281
130133	114.8349	37.7696
130123	114.5702	38.227
130225	118.9399	39.3572
130224	118.5493	39.3607
130223	118.5837	39.7855
130283	118.6869	40.0404
130227	118.3713	40.2385
130209	118.4267	39.2734
130229	117.7347	39.8188
130281	117.9576	40.1379
130524	114.7074	37.5174
130531	115.1981	37.0835
130529	115.0588	37.2786
130522	114.3846	37.4631
130535	115.5284	36.858
130525	114.7929	37.3646
130581	115.4794	37.2864
130527	114.753	37.0169
130523	114.5306	37.3005
130528	115.0216	37.612
130532	115.0048	37.0561
130534	115.6915	37.0405
130526	114.7699	37.1746
130582	114.283	36.9386
130533	115.3877	37.0783
130530	115.2572	37.4993
130521	114.1677	37.1524
130732	115.8922	40.956
130733	115.2198	41.026
130724	115.636	41.5804
130728	114.5026	40.5595
130730	115.634	40.3479
130723	114.6065	41.7845
130725	114.1525	41.1326
130729	114.6114	40.8471
130726	114.7125	39.8793
130721	115.0354	40.5601
130727	114.3943	40.1386
130722	114.7728	41.2936
130731	115.2239	40.1018
410522	114.3171	36.1251
410526	114.6736	35.4717
410581	113.861	36.0165
410527	114.8233	35.9065
410523	114.462	35.9079
410621	114.4671	35.6862
410622	114.169	35.6675
410822	113.075	35.186
419001	112.4052	35.1053
410883	112.7696	34.9258
410882	112.8883	35.1338
410825	113.0552	34.9502
410823	113.3999	35.0573
410821	113.3635	35.3096
410224	114.4521	34.726
410225	114.9802	34.8797
410221	114.7687	34.5059
410222	114.5021	34.4416
410223	114.161	34.3884
410324	111.617	33.9123
410328	111.5067	34.3452
410322	112.4769	34.8311
410326	112.4355	34.0629
410325	112.0495	34.0106
410323	112.1277	34.8376
410381	112.7348	34.6308
410329	112.4688	34.407
410327	112.0404	34.486
411122	113.9638	33.8444
411121	113.68	33.5493
411381	112.0568	32.6846
411322	113.0168	33.2999
411321	112.3936	33.4728
411325	111.8474	33.2243
411327	112.9985	32.9824
411328	112.8591	32.6199
411330	113.4341	32.4956
411323	111.4389	33.4869
411326	111.4453	32.9897
411329	112.4159	32.5534
411324	112.1932	33.0708
410421	113.0357	33.9154
410425	113.2332	34.0054
410423	112.7403	33.7486
410482	112.8127	34.1627
410481	113.5259	33.2896
410422	113.3506	33.551
410926	115.5384	35.8014
410923	115.2498	36.0976
410928	115.1566	35.5922
410922	115.1612	35.9243
410927	115.8857	35.9663
411282	110.7797	34.4371
411224	110.9947	33.9733
411221	111.8025	34.8396
411222	111.376	34.6436
411281	111.906	34.7495
411421	115.1784	34.6961
411423	115.2984	34.4546
411422	115.043	34.3997
411426	116.1574	34.2236
411481	116.3307	33.972
411425	115.9142	34.369
411424	115.309	34.1116
410727	114.4876	35.0403
410782	113.6878	35.5435
410724	113.6519	35.2034
410781	114.0781	35.4995
410721	113.8482	35.2205
410726	114.2313	35.2796
410725	113.9531	35.029
410728	114.7669	35.2181
411525	115.7097	32.1369
411522	114.8431	31.9414
411527	115.3245	32.4465
411526	115.1644	32.1327
411521	114.4435	32.0312
411524	115.3752	31.7662
411528	114.8716	32.4108
411523	114.859	31.6462
411025	113.5689	33.8619
411023	113.8352	34.0485
411024	114.2024	34.0119
411081	113.3926	34.2003
411082	113.8555	34.2366
410185	113.0417	34.4183
410181	113.0395	34.7037
410183	113.4398	34.514
410184	113.7361	34.4594
410182	113.3518	34.8061
410122	114.0112	34.7203
411625	115.3012	33.6415
411621	114.4373	34.1006
411626	114.902	33.7099
411628	115.3839	33.894
411623	114.5595	33.5209
411624	115.1787	33.2951
411627	114.8557	34.097
411622	114.478	33.7936
411681	114.8933	33.2744
411726	113.4471	32.8838
411723	114.6474	32.9921
411725	113.9635	32.7119
411727	114.3257	32.9219
411722	114.4092	33.3012
411728	113.9024	33.1678
411721	113.9228	33.3715
411729	114.9493	32.7835
411724	114.4979	32.5469
230624	124.2465	46.5616
230623	124.8967	47.1596
230622	124.769	45.6472
230621	125.3089	45.837
232721	124.912	51.8131
232723	122.7157	52.9456
232722	124.6402	52.7165
230126	127.3242	46.3404
230125	127.6616	45.7838
230124	128.9494	45.8197
230127	127.9298	46.2481
230183	128.3161	45.0838
230182	126.1889	45.4081
230128	128.7622	46.2478
230184	127.4911	44.7725
230129	128.4639	45.4895
230123	129.7215	46.2756
230421	130.7613	47.7469
230422	131.8565	47.483
231181	127.1115	48.1159
231121	125.7712	49.6218
231124	127.3166	49.3706
231182	126.6345	48.7491
231123	128.3708	48.8867
230381	133.1211	45.9972
230321	131.2256	45.2732
230382	132.1765	45.4697
230833	134.296	47.9261
230882	132.539	47.1706
230826	130.963	46.9892
230822	130.637	46.3066
230828	130.0724	46.9883
230881	133.2733	47.8336
231024	130.8503	44.0324
231083	129.2214	44.9036
231025	130.0231	45.3961
231085	130.3955	44.5768
231084	129.2153	44.058
231081	131.1024	44.408
230921	130.8181	45.9305
230231	126.0217	47.5922
230227	124.5717	47.6658
230225	123.8469	48.0115
230230	126.3521	48.009
230229	125.7064	48.167
230221	123.0891	47.2588
230281	125.0765	48.4814
230224	123.558	46.6032
230223	125.2946	47.7068
230523	132.4092	46.4093
230521	131.1505	46.8184
230524	133.7292	47.0726
230522	131.8549	46.7885
231281	125.3845	46.5354
231283	126.8971	47.4472
231222	126.2135	46.3583
231225	125.8412	47.2012
231223	125.9605	46.8465
231224	127.8444	47.0703
231226	127.7194	47.5841
231221	126.593	46.8694
231282	125.8497	46.0093
230722	130.0082	48.7695
230781	128.5525	46.8663
422823	110.3006	30.8274
422801	109.5174	30.3089
422828	110.2002	29.9188
422822	109.9395	30.5785
422827	109.2467	29.4256
422802	108.8271	30.2399
422826	109.0038	29.7362
422825	109.565	29.8861
421122	114.6281	31.2901
421127	115.9418	29.9988
421123	115.481	30.9323
421181	115.0897	31.2179
421126	115.6007	30.3287
421121	115.014	30.7237
421182	115.6258	30.0156
421125	115.2762	30.5074
421124	115.7743	30.8729
420281	114.8461	30.0728
420222	115.1404	29.828
420821	113.1122	31.0857
420822	112.3959	30.6645
420881	112.5848	31.2449
421022	112.1536	29.9571
421083	113.5389	29.9967
421023	113.0019	29.8489
421024	112.4737	30.1015
421081	112.5143	29.7422
421087	111.6962	30.1052
429005	112.7687	30.3431
429021	110.4872	31.5957
429006	113.1262	30.649
429004	113.3874	30.2939
420381	111.1932	32.5674
420325	110.6287	32.0798
420322	110.1501	33.0484
420321	110.7363	32.8643
420323	110.0727	32.2401
420324	109.7912	32.0377
421381	113.8126	31.6823
421281	113.8891	29.7425
421223	114.0679	29.4617
421221	113.9671	30.0138
421222	113.8532	29.2294
421224	114.6152	29.5576
420626	111.2099	31.7196
420625	111.4959	32.1734
420682	111.7658	32.4341
420624	111.7646	31.6432
420684	112.3727	31.6733
420683	112.7726	32.0925
420982	113.6333	31.3043
420922	114.3103	31.5782
420984	113.6816	30.622
420921	114.0348	31.2397
420981	113.5564	30.9257
420923	113.7781	31.0049
420582	111.8427	30.8255
420529	110.7099	30.1731
420526	110.8244	31.3193
420581	111.3755	30.2949
420525	111.5851	31.1768
420528	110.8539	30.4828
420583	111.7285	30.4517
420527	110.6859	30.9033
430721	112.1624	29.4489
430722	112.0443	28.8648
430781	111.9068	29.4744
430723	111.7077	29.7501
430724	111.6254	29.4862
430726	111.0442	29.8017
430725	111.2707	28.9178
431028	113.3656	26.5807
431027	113.9064	25.9866
431021	112.6081	25.8934
431024	112.4143	25.6372
431025	112.568	25.3439
431026	113.6776	25.5551
431022	112.9334	25.2758
431023	113.1983	26.2164
431081	113.4685	25.9371
430482	112.4355	26.3656
430424	113.029	27.085
430422	112.6485	26.7598
430423	112.7196	27.2819
430421	112.3515	27.1096
430481	112.9215	26.4239
430412	112.7087	27.2593
430426	111.9616	26.8068
431223	110.273	27.8959
431281	110.0871	27.2391
431225	109.8099	26.9141
431229	109.5908	26.5504
431226	109.7291	27.7913
431230	109.7446	26.2151
431227	109.1687	27.2345
431224	110.6585	27.8359
431222	110.6011	28.5766
431228	109.6111	27.4025
431221	110.1653	27.5209
431381	111.4939	27.6849
431382	111.7945	27.7437
431321	112.1879	27.4655
431322	111.2468	27.8732
430529	110.3253	26.3255
430525	110.5997	27.1031
430524	110.9733	27.3518
430521	111.8567	27.1936
430523	111.3323	26.9849
430527	110.2059	26.7144
430581	110.7458	26.7865
430528	110.9246	26.5485
430522	111.4712	27.4311
430382	112.533	27.9273
430321	112.7888	27.6692
430381	112.3551	27.7766
433125	109.5739	28.6724
433123	109.5188	28.0136
433126	110.0081	28.6035
433124	109.4391	28.4317
433101	109.7709	28.3171
433130	109.5159	29.2255
433122	110.0027	28.1644
433127	109.9761	29.0159
430923	111.3907	28.2865
430921	112.4444	29.2427
430922	111.9904	28.4641
430981	112.5649	28.9771
431124	111.602	25.4993
431122	111.3428	26.4955
431129	111.7524	24.9776
431125	111.2538	25.1999
431127	112.1963	25.3195
431126	111.988	25.6538
431121	111.9725	26.4608
431123	111.7162	25.9149
431128	112.2348	25.8905
430623	112.651	29.4933
430682	113.5197	29.4961
430681	113.125	28.8019
430626	113.7208	28.7622
430624	112.8053	28.713
430621	113.2375	29.1784
430821	110.9362	29.3976
430822	110.1873	29.5676
430802	110.501	29.0885
430181	113.7219	28.2344
430124	112.3604	28.1312
430112	112.8252	28.297
430121	113.2249	28.3227
430224	113.6524	26.8067
430281	113.4706	27.6622
430225	113.8505	26.3827
430223	113.4878	27.1722
430221	113.1533	27.5359
220882	123.7237	45.4324
220881	122.4536	45.4756
220822	122.7452	44.7857
220821	123.4522	45.9561
220621	127.6239	42.2779
220622	126.9024	42.4499
220681	127.1917	41.8165
220623	127.8643	41.5847
220282	127.0413	43.0566
220281	127.3517	43.7167
220284	126.1746	43.0574
220283	127.1167	44.3354
220221	126.2275	43.6014
220421	125.4548	42.6839
220422	125.1849	42.9479
220381	124.6858	43.7918
220322	124.3804	43.4144
220382	123.7085	43.7676
220323	125.2711	43.3463
220724	125.5645	45.131
220721	124.4816	44.8691
220723	123.9691	44.9269
220722	123.8665	44.3056
220523	126.3427	42.5579
220582	125.9989	41.2514
220524	125.9172	42.1856
220581	125.7235	42.5426
220521	125.8573	41.7291
222426	128.4376	42.701
222403	128.2394	43.5602
222406	128.9112	42.4664
222404	130.7023	43.0747
222405	129.3838	42.8442
222402	129.8343	43.0305
222424	129.9539	43.5401
222401	129.4713	43.0596
220183	125.769	44.5105
220181	125.9851	44.2097
220122	125.0943	44.4615
220182	126.6025	44.8794
320482	119.515	31.723
320481	119.3828	31.4252
320829	118.8282	33.2352
320831	119.1456	33.0258
320826	119.3249	33.8841
320830	118.5382	32.9716
320722	118.7923	34.5563
320721	119.0414	34.8895
320724	119.4463	34.1751
320723	119.3927	34.4068
320125	118.9719	31.3363
320124	119.0399	31.5969
320621	120.4739	32.5539
320684	121.3124	31.956
320681	121.6788	31.8713
320623	121.0592	32.3876
320682	120.5801	32.2736
320581	120.8314	31.6694
320583	120.9658	31.3289
320585	121.1589	31.5719
320509	120.6394	31.0148
320582	120.6272	31.9078
321284	120.0908	32.5264
321282	120.2768	32.0394
321283	120.1353	32.2136
321281	119.9964	32.9619
320281	120.3106	31.8374
320282	119.7902	31.3622
321322	118.8577	34.154
321324	118.3125	33.4259
321323	118.6569	33.7088
320321	116.6157	34.6957
320322	116.9114	34.7006
320382	117.903	34.4029
320324	117.8903	33.9465
320312	117.2953	34.2884
320381	118.3441	34.2844
320922	120.0266	34.0923
320982	120.5462	33.1908
320981	120.5637	32.7914
320923	119.7049	33.7119
320925	119.8364	33.4889
320924	120.2795	33.7454
320921	119.7976	34.2327
321023	119.4556	33.2258
321084	119.5034	32.8359
321012	119.7016	32.5398
321081	119.2009	32.3926
321181	119.6443	31.9602
321183	119.207	31.9326
321182	119.8451	32.1894
361024	116.0663	27.7145
361029	116.6196	28.2212
361030	116.3631	26.7618
361027	116.7577	27.9314
361025	115.8433	27.3724
361022	116.9317	27.2615
361021	116.6817	27.5189
361023	116.5003	27.1148
361026	116.2512	27.393
361028	117.0357	27.7452
360726	115.3966	25.2388
360725	114.1993	25.6796
360723	114.3664	25.4484
360728	115.0938	24.8241
360721	115.0725	25.902
360733	115.7651	25.5057
360727	114.7318	24.7727
360782	114.7125	25.8329
360730	116.0121	26.5902
360729	114.5223	24.8532
360781	115.9858	25.9218
360724	114.4026	25.9392
360735	116.3723	26.3055
360722	114.9818	25.286
360732	115.4465	26.4252
360734	115.6651	24.9051
360731	115.5088	25.9367
360829	114.4555	27.3613
360821	114.7512	27.144
360822	115.2546	27.1974
360881	114.1254	26.6331
360827	114.3705	26.3442
360826	114.9093	26.744
360828	114.825	26.4446
360823	115.2144	27.5892
360824	115.5068	27.7385
360825	115.5928	27.0975
360830	114.1884	26.973
360202	117.1862	29.2721
360222	117.3089	29.5565
360281	117.2732	28.9699
360426	115.634	29.4017
360428	116.342	29.3562
360429	116.2925	29.668
360421	115.842	29.6402
360430	116.6293	29.8345
360481	115.4596	29.6285
360423	115.0231	29.2638
360427	115.9648	29.3602
360424	114.4461	29
360425	115.7424	29.1413
360123	115.5952	28.8364
360124	116.3174	28.4417
360121	116.0712	28.6207
360122	115.9529	28.8126
360321	113.9597	27.2234
360323	114.07	27.578
360322	113.8678	27.8322
361181	117.7532	28.9407
361122	118.2771	28.3641
361125	117.6451	28.5138
361128	116.7876	29.243
361124	117.7134	28.1098
361121	117.9443	28.4056
361129	117.0144	28.7032
361130	117.7874	29.3272
361126	117.4166	28.4522
361127	116.6213	28.6827
361123	118.1689	28.7593
360521	114.6781	27.8449
360981	115.8234	28.1115
360921	115.18	28.7146
360983	115.3044	28.3652
360925	115.2377	28.946
360923	114.8609	28.199
360926	114.3701	28.6155
360922	114.3361	28.2094
360924	114.7743	28.4549
360982	115.4213	28.0025
360681	117.1978	28.1906
360622	116.9215	28.321
210381	122.7912	40.8403
210321	122.4436	41.3471
210323	123.346	40.4031
210521	124.1585	41.1956
210522	125.29	41.2618
210502	123.6925	41.2404
211381	120.8118	41.865
211321	120.305	41.3727
211322	119.6325	41.8422
211382	119.2715	40.9818
210282	122.2742	39.62
210281	121.7906	39.7089
210224	122.7482	39.2601
210283	122.9341	39.8589
210681	123.8768	39.9812
210682	124.0729	40.5795
210624	124.9341	40.7661
210421	124.1365	41.75
210423	124.9243	42.1188
210422	124.8278	41.6351
210921	121.6955	42.1575
210922	122.4741	42.5237
211422	119.8348	40.7168
211421	120.0263	40.3051
211481	120.4755	40.5962
210726	122.2607	41.7996
210781	121.2855	41.1525
210727	121.3018	41.5349
211081	123.3125	41.42
211021	123.2198	41.0772
211121	122.0937	40.9649
211122	121.9521	41.1934
210124	123.2488	42.4152
210123	123.2735	42.7655
210122	122.7788	41.5668
210181	122.8664	42.0167
211224	123.9464	43.0004
211282	124.2837	42.4712
211281	123.5843	42.4429
211221	123.9145	42.2227
211223	124.7385	42.7127
210882	122.5715	40.6469
210881	122.4773	40.2354
152922	102.4438	40.1862
152921	105.0382	39.5478
152923	100.0995	41.6938
150822	107.4231	40.7641
150826	107.4231	40.7641
150802	107.4418	40.932
150825	107.4231	40.7641
150823	107.4231	40.7641
150824	107.4231	40.7641
150821	107.4231	40.7641
150223	110.2861	41.9435
150222	110.1675	41.1047
150221	110.6932	40.5279
150421	120.0532	44.1959
150430	120.1577	42.4305
150423	118.946	43.6847
150422	119.2807	44.2034
150428	118.667	41.9083
150425	117.3585	43.2182
150424	118.1102	43.7714
150429	118.9054	41.571
150426	119.2546	42.9739
150621	109.8661	40.2202
150624	107.752	39.2862
150623	107.597	38.2759
150625	108.2128	40.2128
150626	108.8896	38.6404
150627	109.7041	39.4206
150622	110.8862	39.7947
150123	111.9016	40.3338
150124	111.7062	39.8891
150121	111.2347	40.6899
150122	111.3197	40.361
150125	111.1795	41.1162
150721	123.1719	48.6399
150725	119.5352	49.6052
150784	120.6527	51.6608
150723	123.8172	50.3487
150724	120.0674	48.4991
150785	121.7977	51.3759
150702	120.0428	49.2792
150781	117.6036	49.5
150722	124.4744	49.1048
150727	116.8021	48.6449
150726	118.6215	48.4363
150782	121.5126	49.3299
150783	121.9292	47.7434
150581	119.5797	45.5281
150523	121.324	43.7349
150522	122.6973	43.196
150521	122.4991	44.0575
150524	121.573	42.81
150525	120.9407	42.9723
150526	120.596	44.8224
150928	113.1242	41.0393
150926	113.1242	41.0393
150927	113.1242	41.0393
150981	113.1242	41.0393
150922	113.1242	41.0393
150925	113.1242	41.0393
150923	113.1242	41.0393
150929	113.1242	41.0393
150924	113.1242	41.0393
150921	113.1242	41.0393
152522	114.8934	44.2765
152525	117.8104	45.8266
152531	116.4986	42.1966
152501	111.9661	43.4177
152524	112.9116	42.9009
152523	113.1403	44.0392
152527	115.3045	41.9062
152526	117.8169	44.7159
152502	116.1369	44.0789
152528	114.1205	42.3682
152530	115.9401	42.6744
152529	115.0243	42.5548
152202	120.3575	47.1636
152221	121.2215	46.334
152222	121.1985	45.242
152224	121.5192	45.6328
152201	122.0815	46.1169
152223	122.3881	46.7908
640424	106.354	35.5297
640423	106.2924	36.0099
640425	106.2924	36.0099
640422	105.7267	35.9399
640221	106.5443	38.8915
640381	105.9614	37.9421
640324	106.2473	37.0984
640323	107.0497	37.6253
640122	106.2665	38.6871
640181	106.532	37.9351
640121	106.109	38.295
640522	105.6796	36.6031
640521	105.6918	37.36
632622	100.5504	32.9097
632624	99.4108	33.4826
632623	100.1478	34.0218
632625	101.0055	33.4739
632626	98.2444	34.7975
632621	99.7942	34.504
632224	99.9883	37.5568
632223	100.8433	37.1147
632221	101.7313	37.4583
632222	99.7112	38.3279
632126	102.1519	36.8494
632127	102.2439	36.0718
632123	102.4297	36.5078
632122	102.7759	36.1577
632121	102.0039	36.4064
632128	102.4638	35.7139
632521	100.0648	36.5383
632523	101.4157	36.0105
632525	100.8846	35.698
632522	100.6017	35.0684
632524	99.7333	35.5403
632802	97.1628	37.727
632822	97.1544	36.16
632801	92.7016	35.5809
632823	98.4965	38.0517
632821	98.6726	36.9023
632324	101.5563	34.5113
632322	101.8497	35.9186
632321	102.0784	35.4268
632323	101.4354	35.1392
630121	101.4904	37.1206
630123	101.1631	36.6363
630122	101.5444	36.5797
632723	97.0019	33.9351
632725	96.137	32.1782
632726	95.1408	34.8768
632721	96.6721	32.9226
632722	94.3013	33.0657
632724	92.6086	34.8844
371625	118.2257	37.1913
371621	117.5789	37.3759
371623	117.7977	37.9425
371622	117.5734	37.6055
371624	118.09	37.7872
371626	117.6708	36.9565
371481	117.1455	37.6744
371424	116.8995	37.2358
371421	116.665	37.4171
371422	116.8145	37.6856
371426	116.43	37.1566
371425	116.6782	36.7234
371423	117.4627	37.8018
371428	116.0912	37.2439
371427	116.0373	37.0166
371482	116.5813	36.9191
370523	118.5385	37.162
370521	118.8144	37.67
370522	118.4003	37.6553
371721	115.5536	34.8279
371723	115.9449	34.9891
371722	116.1229	34.7382
371727	115.6294	35.1036
371728	115.0741	35.1824
371724	116.0411	35.2794
371726	115.5528	35.555
371725	115.8946	35.6129
370125	117.15	37.0328
370124	116.4225	36.2039
370126	117.2087	37.3259
370181	117.4793	36.7448
370829	116.3072	35.4341
370828	116.3151	35.0512
370832	116.1248	35.8016
370881	117.0317	35.6157
370831	117.3452	35.6407
370826	116.9924	34.8927
370830	116.5064	35.7157
370882	116.7541	35.574
370827	116.5784	35.0198
370883	117.0895	35.354
371523	116.1801	36.5885
371524	116.2831	36.3316
371526	116.2574	36.8397
371525	115.5408	36.5363
371581	115.7826	36.782
371522	115.5526	36.1391
371521	115.8735	36.1467
371324	117.9983	34.8653
371325	117.9858	35.2549
371327	118.89	35.2131
371329	118.6594	34.8854
371328	118.0367	35.7474
371326	117.6824	35.4342
371322	118.3244	34.6498
371321	118.4175	35.5367
371323	118.6093	35.9143
370282	120.5211	36.4879
370284	119.8563	35.8528
370281	119.9594	36.248
370285	120.4428	36.8636
370283	119.951	36.7885
371122	118.8935	35.6558
371121	119.2494	35.7443
370923	116.3429	35.9751
370983	116.7447	36.1125
370921	116.9329	35.8336
370982	117.613	35.8958
371082	122.4069	37.1286
371083	121.5297	36.9765
371081	122.0107	37.1541
370784	119.1559	36.335
370725	118.9139	36.5355
370786	119.4499	36.8342
370785	119.7025	36.3873
370724	118.5582	36.3653
370781	118.4701	36.6805
370783	118.8525	37.0298
370782	119.4161	36.0166
370687	121.1136	36.8615
370682	120.7513	36.9055
370683	120.0013	37.1904
370681	120.5228	37.6104
370684	120.8626	37.6611
370686	120.9015	37.3117
370634	120.7559	38.0774
370685	120.4005	37.3441
370481	117.1476	35.0657
370322	117.8282	37.1713
370321	118.0343	36.9962
370323	118.2039	36.1356
140227	113.5838	40.0016
140223	114.1617	39.7689
140225	113.7107	39.6341
140224	114.213	39.3772
140222	114.1681	40.4035
140221	113.8231	40.2223
140226	112.7778	40.0007
140581	112.9351	35.8097
140524	113.3433	35.6907
140521	112.3774	35.7514
140522	112.3615	35.4265
140525	112.8709	35.4758
140723	113.4749	37.3483
140781	111.9951	37.0254
140729	111.7355	36.8344
140728	112.2654	37.148
140727	112.469	37.2921
140725	113.1416	37.8251
140726	112.7364	37.4076
140724	113.7621	37.5634
140721	112.9541	37.14
140722	113.4745	37.0327
141026	112.3079	36.1642
141030	110.7108	36.4326
141034	111.4831	36.6427
141027	111.9284	35.9458
141025	112.0112	36.3038
141024	111.6593	36.3255
141081	111.3715	35.6217
141082	111.8308	36.5996
141028	110.7281	36.1586
141033	111.1623	36.4246
141021	111.527	35.7042
141031	111.0099	36.7119
141029	110.9441	35.9251
141023	111.3859	35.8742
141022	111.8392	35.6953
141032	110.6178	36.7371
141128	111.3379	37.8866
141182	111.7459	37.3167
141122	111.8199	37.687
141130	111.3159	36.9577
141127	111.6066	38.3438
141124	110.9011	37.9628
141125	110.8769	37.4037
141126	110.7534	37.0351
141121	111.9649	37.4597
141181	111.6376	37.1181
141123	111.0693	38.3922
141129	111.1859	37.2663
140624	113.1123	39.7935
140621	112.7868	39.521
140622	113.2605	39.5093
140623	112.4216	40.0081
140181	112.1077	37.9051
140123	111.7978	38.0345
140121	112.387	37.5932
140122	112.6726	38.1582
140931	111.1428	38.8871
140923	113.0505	39.0931
140921	113.0355	38.5167
140924	113.5962	39.2047
140930	111.3598	39.2064
140926	112.0649	38.4
140929	111.5435	38.7379
140925	112.1938	38.8218
140932	111.6719	39.4646
140927	112.0099	39.173
140922	113.4421	38.7781
140928	111.7447	39.0087
140981	112.6821	38.8388
140321	113.7689	37.8492
140322	113.3609	38.2293
140882	110.7085	35.6318
140824	110.9651	35.5982
140826	111.6448	35.4985
140821	110.6258	35.1493
140829	111.2511	34.8886
140830	110.6164	34.7095
140822	110.7155	35.3881
140823	111.3192	35.3737
140828	111.3583	35.1266
140825	111.1728	35.6315
140881	110.4889	34.8946
140827	111.8247	35.2215
140427	113.3719	35.9926
140426	113.3968	36.6193
140481	113.2543	36.3744
140425	113.5336	36.2217
140430	112.6522	36.7073
140431	112.29	36.7015
140424	112.7503	36.3426
140429	112.9675	36.8883
140423	112.9889	36.5802
140421	113.0861	36.0246
140428	112.8022	36.1109
610929	109.9183	32.7298
610921	108.4969	32.9025
610925	108.8871	32.2424
610923	108.4517	33.5369
610926	109.2703	32.2912
610922	108.2505	33.0653
610928	109.4235	32.902
610927	109.4567	31.9392
610924	108.4448	32.4489
610330	106.7661	33.9932
610322	107.4367	34.577
610324	107.9251	34.4119
610329	107.7107	34.7856
610327	106.773	34.8769
610326	107.8338	34.1505
610323	107.6889	34.4107
610328	107.1779	34.7669
610331	107.4168	33.9429
610722	107.2608	33.2235
610730	107.9288	33.5499
610729	106.9596	33.6129
610727	106.1628	33.3853
610725	106.6645	33.2438
610721	106.9697	32.812
610726	106.1408	32.9141
610724	107.7537	32.8949
610723	107.616	33.3715
610728	107.8827	32.5174
611022	110.4438	33.6845
611021	109.9455	33.8757
611024	109.9455	33.8757
611023	109.9455	33.8757
611026	109.9455	33.8757
611025	109.9455	33.8757
610222	109.2044	35.3839
610527	109.5701	35.2716
610525	109.9016	35.2225
610523	110.0119	34.7968
610528	109.2359	34.8794
610581	110.3937	35.5827
610524	110.1911	35.2083
610521	109.8127	34.4119
610582	110.0581	34.5327
610526	109.6282	34.9676
610522	110.2955	34.5071
610126	109.0737	34.5137
610125	108.5924	34.0038
610122	109.4233	34.1007
610115	109.3104	34.4562
610116	108.8742	34.0668
610124	108.1135	33.9536
610427	108.0679	35.0518
610430	108.5702	34.8691
610423	108.7807	34.6088
610425	108.4825	34.5978
610424	108.2294	34.5276
610422	108.9807	34.7032
610431	108.1909	34.3165
610481	108.4757	34.3076
610429	108.4941	35.2168
610426	108.1367	34.7776
610428	107.8348	35.1705
610624	109.1706	36.9269
610628	109.0496	36.0174
610627	109.1822	36.3535
610632	108.953	35.6284
610631	109.9451	35.7026
610629	109.5609	35.7441
610626	108.1294	36.9852
610622	110.084	36.8824
610621	110.1382	36.5436
610630	110.1911	36.0711
610625	108.6624	36.7535
610623	109.6222	37.231
610825	107.7542	37.3887
610822	110.8669	39.1872
610823	109.4669	37.8516
610828	110.3737	38.0783
610824	108.8132	37.4842
610827	110.1869	37.8285
610830	110.2892	37.1874
610821	110.3312	38.829
610826	110.3961	37.5208
610829	110.6918	37.5948
610831	109.8772	37.5336
310113	121.409	31.3986
310230	121.5353	31.6335
310120	121.5606	30.9151
310109	121.4919	31.2824
310101	121.496	31.2272
310114	121.251	31.3643
310116	121.2484	30.835
310106	121.4547	31.2353
310112	121.425	31.0935
310115	121.6384	31.2308
310107	121.3984	31.2637
310118	121.0914	31.1308
310117	121.2267	31.0212
310104	121.4462	31.1691
310110	121.5357	31.3045
310108	121.4577	31.288
310105	121.3876	31.2133
513231	101.7875	32.8907
513228	103.0554	32.1653
513233	102.6411	32.7361
513226	101.8047	31.5275
513225	103.934	33.3174
513222	103.0212	31.5795
513229	102.0233	32.0193
513223	103.635	31.8557
513230	101.0597	32.1482
513232	102.8955	33.6688
513224	103.5327	32.6254
513221	103.2943	31.1687
513227	102.4754	31.1353
511922	106.8361	32.3372
511923	107.1673	31.5977
511921	107.3527	32.1364
510184	103.5294	30.7196
510129	103.3884	30.6149
510181	103.6373	31.0391
510121	104.6153	30.7286
510182	103.8898	31.1485
510124	103.8846	30.8396
510131	103.4977	30.2399
510183	103.3765	30.3887
510122	104.0408	30.4594
510132	103.8321	30.4278
511721	107.4243	31.182
511724	107.2798	30.6907
511723	107.891	31.0515
511725	106.9876	30.9488
511781	107.9938	31.9862
511722	107.936	31.5197
510681	104.2984	31.0064
510626	104.5354	31.3202
510683	104.1292	31.4366
510682	104.0198	31.2936
510623	104.8049	30.8871
513335	99.3002	29.9162
513331	99.2919	31.0525
513323	101.7523	30.967
513326	101.1948	30.8701
513337	100.2658	28.7664
513338	99.3242	28.7363
513330	98.9674	32.0594
513328	99.7626	32.0293
513324	101.635	28.9178
513321	101.7553	29.9579
513334	100.1851	29.8952
513327	100.6758	31.4921
513322	102.12	29.7477
513333	100.2138	32.3566
513332	98.2049	33.1876
513336	99.7384	29.1173
513329	100.2875	30.9457
513325	100.9692	29.9229
511681	106.7594	30.3218
511623	107.0033	30.2632
511622	106.2313	30.3739
511621	106.4208	30.5407
510824	106.1132	31.9185
510823	105.503	31.9219
510822	105.1904	32.5158
510821	106.4018	32.3721
511132	103.2167	29.0504
511181	103.4009	29.507
511126	103.5592	29.7761
511123	103.9801	29.2311
511124	104.0553	29.6445
511133	103.4813	28.7767
511129	103.8265	29.0069
513429	102.8819	27.5999
513424	102.1917	27.3311
513435	102.7674	28.9748
513426	102.7429	26.5736
513425	102.2639	26.5913
513430	103.201	27.7061
513437	103.5125	28.2793
513436	103.1017	28.4435
513433	102.0689	28.5148
513422	100.953	28.3603
513427	102.7166	27.0912
513428	102.568	27.5482
513401	102.1178	27.8633
513432	102.4499	28.1964
513423	101.4676	27.603
513434	102.6286	28.5921
513431	102.8328	28.0137
510525	105.9362	27.9833
510522	105.9316	28.7518
510521	105.5082	29.1249
510524	105.4685	28.0992
511424	103.4345	30.0148
511423	103.1801	29.6943
511422	103.8656	30.2544
511425	103.8375	29.8227
511421	104.2255	29.9858
510724	104.3687	31.5891
510726	104.2583	31.9625
510781	104.9331	31.9524
510727	104.4043	32.4469
510722	105.0425	31.1188
510723	105.479	31.2479
510725	105.1938	31.6536
511381	106.078	31.6021
511321	105.9235	31.3498
511323	106.4289	31.007
511325	105.8573	31.0638
511324	106.5347	31.4435
511322	106.7185	31.1623
511028	105.2529	29.3678
511024	104.5939	29.5995
511025	104.8074	29.8138
510421	102.0007	26.9327
510411	101.6697	26.5679
510422	101.586	26.94
510923	105.2563	30.5801
510921	105.716	30.6574
510922	105.3882	30.908
511827	102.7168	30.5676
511823	102.6251	29.4315
511826	103.018	30.4402
511803	103.2273	30.1324
511824	102.2939	29.2354
511825	102.5783	30.0788
511822	102.6919	29.7408
511525	104.593	28.4632
511526	104.8066	28.1969
511523	105.1287	28.6635
511527	104.5884	28.042
511503	104.9414	28.8972
511529	103.9991	28.7024
511528	105.1412	28.2555
511521	104.3827	28.9068
511524	104.9311	28.5154
512021	105.4008	29.9996
512081	104.5363	30.393
512022	105.0283	30.3139
510322	105.0222	29.1522
510321	104.3724	29.3989
120115	117.4114	39.6155
120113	117.1806	39.2591
120110	117.4147	39.1396
120101	117.2028	39.1248
120105	117.2202	39.1731
120102	117.2616	39.1266
120103	117.2361	39.0844
120106	117.1622	39.1706
120225	117.4411	40.0096
120112	117.3929	38.9697
120223	116.9727	38.8612
120104	117.1627	39.1169
120221	117.6894	39.3815
120114	117.0345	39.457
120111	117.1262	39.035
542527	85.2102	30.7498
542523	80.3159	32.0055
542526	84.285	33.8412
542525	82.0337	32.0578
542521	81.5305	30.6371
542524	80.7197	33.9846
542522	79.5527	31.5536
542127	96.8856	30.1622
542133	94.5998	30.8918
542126	97.8438	30.589
542121	97.244	31.4484
542125	95.3118	31.6816
542123	98.4961	30.7466
542122	98.0363	31.8137
542124	96.405	31.4405
542132	95.9169	30.7351
542129	98.6207	29.6203
542128	97.8082	29.5625
540126	91.4739	29.7476
540122	90.8948	30.4242
540125	90.7933	29.8047
540121	91.347	30.1164
540127	92.0318	29.9167
540123	90.0954	29.6031
540124	90.7145	29.445
542625	95.5565	30.1248
542626	97.0691	28.6816
542622	93.242	30.0252
542627	93.1067	28.9647
542621	94.3804	29.7832
542623	94.0182	29.2484
542624	95.0178	28.7322
542425	90.5693	33.3216
542429	94.0189	32.1988
542428	90.1234	31.2181
542423	93.4934	31.4471
542422	92.9613	30.6689
542421	92.0346	31.2523
542430	87.6548	33.5369
542424	92.6421	32.2496
542426	88.7353	31.0352
542427	94.3125	31.5927
542327	86.6291	29.956
542329	89.1044	28.82
542332	87.9137	28.2375
542324	86.9999	28.4777
542338	88.5718	28.3167
542335	85.3063	28.8668
542323	89.669	28.9106
542331	89.6553	28.4433
542326	87.8584	29.1799
542322	89.38	29.8148
542336	86.0674	28.5998
542330	89.9762	29.2242
542337	85.0835	29.4021
542325	88.3475	28.8548
542328	88.0823	29.9149
542334	89.0813	27.815
542333	83.6625	30.4844
542227	91.5153	28.5766
542232	92.9008	27.6728
542223	90.9443	29.213
542229	92.7198	29.2939
542233	90.6382	28.7612
542231	92.926	28.4818
542228	90.8735	28.2169
542221	91.832	29.2131
542225	91.6137	29.0117
542226	92.21	28.9507
542224	92.2306	29.407
542222	91.4082	29.2802
652928	80.4399	40.0607
652926	81.9012	42.0452
652929	78.9946	40.4566
652923	83.4598	41.7819
652924	82.9255	40.406
652922	80.4618	41.582
652927	79.2816	41.2618
652925	81.9852	41.3657
652829	86.8853	41.8578
652827	85.2	42.8286
652828	87.5887	42.141
652801	85.7094	41.7055
652822	84.5789	41.8192
652825	85.5063	38.1007
652824	89.7627	38.9738
652823	86.8669	40.8587
652826	86.076	42.0961
652701	81.8742	44.8442
652722	82.9223	44.5575
652723	80.9521	44.9688
652301	87.0736	44.175
652302	88.3059	44.4241
652323	86.6931	44.3809
652327	89.053	44.3529
652324	86.1376	44.5035
652328	90.8234	44.1066
652325	90.1102	44.5276
652222	92.8098	44.2736
652223	94.9115	43.5703
653225	81.0979	37.0843
653221	79.3549	35.6834
653224	80.7413	38.0242
653227	83.3527	37.1731
653222	80.0471	38.3842
653223	78.5218	37.2283
653226	81.9954	37.1691
653130	78.9071	39.6181
653129	77.2315	39.5991
653127	78.2423	38.8483
653125	77.0148	38.3225
653121	75.7548	39.4097
653122	76.3699	39.1876
653131	75.8432	37.0195
653126	77.2236	36.993
653123	76.3687	38.8
653128	76.9896	39.1166
653124	77.2264	38.1225
653023	77.8916	40.8552
653022	75.2586	38.6324
653001	76.8671	40.1312
653024	74.9215	39.8345
652122	90.6165	42.2917
652123	88.4242	42.4503
650121	87.3602	43.4191
654022	81.0982	43.6383
654024	82.4457	43.3024
654023	80.7811	44.3091
654003	85.0139	44.5595
654028	83.2311	43.8167
654027	82.0068	42.9255
654025	83.5581	43.3769
654002	81.289	44.0203
654026	80.9842	42.7768
530524	99.5911	24.7581
530523	98.8425	24.499
530521	99.1574	24.6572
530522	98.4999	25.2799
532301	101.3286	24.8802
532326	101.2429	25.9476
532331	102.0261	25.1858
532323	101.5967	25.4073
532324	101.038	25.1035
532322	101.6403	24.5355
532329	102.2011	25.7311
532325	101.2112	25.5169
532327	101.5601	26.1436
532328	101.8705	25.7831
532924	100.6275	25.8753
532901	100.2192	25.6939
532930	99.9121	26.0729
532932	100.2771	26.3354
532931	99.7503	26.4395
532925	100.5818	25.1911
532926	100.4249	24.903
532927	100.1786	25.2467
532923	100.778	25.5166
532922	99.8983	25.6055
532928	99.6007	25.3746
532929	99.31	25.8941
533122	98.3221	24.7437
533124	97.9653	24.3813
533103	98.4269	24.3294
533102	97.8115	24.0372
533123	97.922	24.8623
533422	99.0375	28.3514
533423	99.1527	27.4529
533421	99.8315	27.9073
532501	103.1491	23.3056
532532	103.8234	22.7873
532529	102.2433	23.2509
532524	102.8896	23.6839
532530	103.1029	22.7823
532502	103.4001	23.729
532527	103.7832	24.5172
532531	102.2453	22.8792
532503	103.4996	23.3465
532526	103.3897	24.2261
532523	103.7484	23.1029
532525	102.4562	23.7462
532528	102.8195	23.0692
530181	102.3911	24.8523
530114	102.8726	24.8716
530124	102.5841	25.3634
530122	102.5796	24.605
530128	102.593	25.9437
530126	103.4273	24.7543
530127	103.0065	25.3179
530129	103.1278	25.6666
530125	103.1928	24.9449
530723	101.2517	26.6458
530724	100.7783	27.2655
530722	100.7049	26.4917
530721	99.9516	27.1044
530927	99.2704	23.2745
530921	99.9209	24.6105
530926	99.4342	23.6417
530925	99.8409	23.4768
530923	99.4276	24.0895
530922	100.2336	24.3274
530924	99.0057	23.901
533323	98.8686	26.9965
533324	98.5094	27.8919
533325	99.2639	26.6335
533321	98.8593	26.0702
530826	101.7969	22.6256
530823	100.7952	24.3967
530824	100.5642	23.3681
530828	99.9845	22.6659
530827	99.5803	22.3343
530822	101.5554	23.3632
530821	101.1968	23.0973
530829	99.5221	22.7084
530825	101.1133	24.0115
530325	104.3674	25.4672
530326	103.4685	26.4622
530322	103.7073	25.0375
530324	104.3492	24.9831
530321	103.513	25.3688
530323	104.1294	24.6801
530381	104.1525	26.2768
530328	103.8462	25.7867
532628	105.7496	23.7072
532627	105.0064	23.9678
532624	104.9025	23.2253
532625	104.2703	22.9565
532626	104.1103	24.1278
532601	104.0891	23.4017
532623	104.6878	23.3627
532622	104.2559	23.6877
532801	100.9273	22.1114
532822	100.3373	21.9607
532823	101.4619	21.7366
530422	102.9468	24.6783
530426	102.2192	24.2461
530424	102.999	24.2848
530421	102.7697	24.3576
530423	102.7114	24.1175
530427	101.7391	24.0297
530425	102.1221	24.6964
530428	102.0111	23.605
530624	103.9121	27.905
530621	103.4258	27.2057
530622	103.13	27.0083
530630	104.2288	28.5109
530626	104.0155	28.5388
530629	105.0502	27.8914
530623	104.2305	28.1307
530628	104.2414	27.6309
530625	103.6528	27.9531
530627	104.8338	27.5689
330127	118.8957	29.6147
330183	119.8466	30.001
330182	119.3795	29.4871
330185	119.3502	30.2076
330122	119.5604	29.8365
330523	119.5831	30.6263
330521	120.0498	30.5675
330522	119.8194	30.9833
330481	120.6187	30.4421
330424	120.8855	30.526
330421	120.9088	30.9057
330482	121.1058	30.7165
330483	120.4904	30.6123
330783	120.3808	29.2374
330781	119.5333	29.2841
330727	120.5674	29.0442
330726	119.9104	29.5262
330723	119.7208	28.774
330782	120.0672	29.3064
330784	120.1086	28.9401
331122	120.1918	28.6663
331127	119.6192	27.896
331181	119.0822	28.0506
331121	120.1467	28.2084
331126	119.1576	27.628
331124	119.441	28.4115
331123	119.0893	28.5254
331125	119.5417	28.1313
330282	121.3384	30.1892
330283	121.3771	29.617
330226	121.4636	29.3144
330225	121.8586	29.3787
330281	121.1527	29.9964
330822	118.5476	28.9736
330881	118.607	28.5819
330824	118.3316	29.1899
330825	119.1986	28.997
330682	120.8894	29.978
330621	120.5724	29.9687
330683	120.7614	29.591
330624	120.9757	29.4143
330681	120.2814	29.6994
331082	121.2219	28.8573
331022	121.4882	29.0177
331023	120.9855	29.1517
331081	121.421	28.4005
331024	120.6406	28.7387
331021	121.2844	28.1797
330327	120.4455	27.4344
330322	121.1258	27.9036
330382	121.0161	28.2618
330326	120.3893	27.6377
330381	120.4683	27.8292
330329	119.8848	27.5364
330328	120.0284	27.8127
330324	120.6688	28.3363
330921	122.2603	30.3194
330922	122.4816	30.705
500113	106.7582	29.378
500109	106.5203	29.8665
500227	106.1987	29.5675
500229	108.7418	31.8881
500104	106.4653	29.4241
500231	107.4444	30.2594
500230	107.8375	29.8905
500236	109.3556	30.9585
500102	107.3408	29.6646
500117	106.318	30.1187
500105	106.7136	29.6193
500116	106.2692	29.0353
500107	106.3705	29.4345
500234	108.3892	31.2771
500228	107.7254	30.6643
500108	106.6671	29.5415
500119	107.1778	29.1416
500243	108.2728	29.3596
500114	108.7148	29.4409
500226	105.5126	29.4711
500106	106.3748	29.6305
500240	108.3048	30.0996
500224	106.0392	29.8183
500223	105.8196	30.1499
500101	108.4134	30.71
500237	109.9086	31.1211
500238	109.3605	31.5091
500232	107.7161	29.3792
500241	109.0253	28.4983
500118	105.8803	29.2964
500242	108.8068	28.9052
500112	106.7537	29.8162
500103	106.5469	29.5552
500235	108.8631	31.0424
500115	107.1466	29.9604
500233	107.9217	30.342
110000	116.3979	39.9081
120000	117.2523	39.1038
130100	114.4892	38.0741
130200	118.1804	39.6305
130300	119.6335	39.9541
130400	114.4806	36.6096
130500	114.4932	37.0683
130600	115.4743	38.8674
130700	115.1055	40.4923
130800	117.8852	41.0299
130900	116.8388	38.3044
131000	116.7555	39.3932
131100	115.6986	37.7352
140100	112.5223	37.8357
140200	113.2266	40.0557
140300	113.5925	37.8563
140400	113.1234	36.2008
140500	112.8517	35.4908
140600	112.3714	39.4151
140700	112.7526	37.6872
140800	111.0073	35.0263
140900	112.7342	38.4163
141000	111.5188	36.0877
141100	111.1505	37.5177
150100	111.8145	40.8672
150200	109.93	40.6428
150300	106.8226	39.6905
150400	118.9847	42.2903
150500	122.1346	46.0871
150600	109.9744	39.8137
150700	119.7657	49.2119
150800	107.3868	40.7659
150900	113.121	41.0317
152200	122.1346	46.0871
152500	116.0993	43.9454
152900	105.686	38.8463
210100	123.4164	41.8275
210200	121.6164	38.9144
210300	123.0268	41.0631
210400	123.9538	41.8769
210500	123.799	41.2927
210600	124.3842	40.1246
210700	121.0968	41.1255
210800	122.2985	40.6002
210900	121.6748	42.0181
211000	123.4018	41.1512
211100	122.0311	41.1628
211200	123.8423	42.2862
211300	120.4546	41.5852
211400	120.8363	40.711
220100	125.3247	43.8868
220200	126.4687	43.8735
220300	124.4146	43.0968
220400	125.1461	42.9042
220500	125.9941	41.7508
220600	126.4235	41.9399
220700	124.8251	45.1417
220800	122.851	45.6216
222400	129.4976	42.8941
230100	126.7237	45.9734
230200	123.9433	47.4318
230300	130.9386	45.3239
230400	130.3008	47.3336
230500	131.1882	46.621
230600	124.7575	46.4018
230700	128.9185	47.7753
230800	130.2756	46.7704
230900	131.0157	45.7695
231000	129.7007	44.5137
231100	127.5009	50.2478
231200	126.98	46.6366
232700	124.3973	51.6736
310000	121.4692	31.2381
320100	118.7977	32.0556
320200	120.3196	31.526
320300	118.3506	34.2916
320400	119.9392	31.7558
320500	120.4069	31.237
320600	120.9084	31.9542
320700	119.5067	34.6086
320800	119.0566	33.6033
320900	120.1635	33.3474
321000	119.4132	32.3944
321100	119.4183	32.059
321200	119.9118	32.3599
321300	118.2752	33.9624
330100	120.1729	30.2739
330200	121.5439	29.8683
330300	120.6548	27.987
330400	120.7585	30.7539
330500	120.179	30.7845
330600	120.5861	29.9957
330700	119.6323	29.0313
330800	118.9255	28.9771
330900	122.1062	30.0275
331000	121.2136	28.627
331100	119.9164	28.4518
340100	117.2591	31.7956
340200	118.3732	31.4067
340300	117.3585	32.9468
340400	117.0385	32.6496
340500	118.5523	31.6928
340600	116.8862	34.0187
340700	117.8247	30.9237
340800	117.11	30.5982
341000	118.2488	29.9558
341100	118.3084	32.308
341200	115.8268	32.9082
341300	116.9852	33.6393
340181	117.8647	31.5978
341500	116.4958	31.7489
341600	115.779	33.8762
341700	117.4907	30.6599
341800	118.7588	30.9407
350100	119.3064	26.0761
350200	118.0897	24.4796
350300	119.1084	25.384
350400	117.6182	26.2564
350500	118.5822	24.922
350600	117.6549	24.5915
350700	118.1823	26.6404
350800	117.0341	25.1006
350900	119.5366	26.6528
360100	115.8269	28.7467
360200	117.1444	29.2345
360300	113.8546	27.6228
360400	115.9981	29.6101
360500	114.9341	27.8041
360600	117.0692	28.26
360700	114.9418	25.8628
360800	114.9929	27.113
360900	114.3951	27.7965
361000	116.3626	27.9792
361100	117.9763	28.4433
370100	116.9974	36.651
370200	120.4159	36.1079
370300	118.0986	36.6358
370400	117.3235	34.8225
370500	118.676	37.435
370600	121.4479	37.4636
370700	119.1621	36.7073
370800	116.597	35.4066
370900	117.0879	36.2022
371000	122.1184	37.5125
371100	119.4448	35.4233
371200	117.678	36.2116
371300	118.3464	35.0518
371400	116.3026	37.4515
371500	115.985	36.4592
371600	117.9714	37.3815
371700	115.4603	35.2474
410100	113.6582	34.7803
410200	114.3468	34.8173
410300	112.442	34.6515
410400	113.2643	33.742
410500	114.2752	36.0969
410600	114.2972	35.7504
410700	113.875	35.3468
410800	113.2743	35.269
410900	115.0293	35.7621
411000	113.8322	34.0221
411100	114.0165	33.5814
411200	111.2002	34.7716
411300	112.5484	32.995
411400	115.6355	34.4162
411500	114.0886	32.1069
411600	114.6575	33.6183
411700	114.028	32.9831
420100	114.3814	30.5611
420200	115.0385	30.1996
420300	110.7018	32.5838
420500	111.2613	30.9665
420600	112.1588	32.1292
420700	114.8941	30.389
420800	112.1123	31.0995
420900	113.9169	30.9245
421000	112.2216	30.3907
421100	114.8744	30.4586
421200	114.3217	29.8335
421300	113.3754	31.7167
422800	109.4823	30.2899
430100	113.0093	28.2084
430200	113.1686	27.8872
430300	112.9073	27.8563
430400	112.6369	26.8833
430500	111.4818	27.2397
430600	113.0357	29.4448
430700	111.6991	29.0434
430800	110.4753	29.2054
430900	112.3474	28.5828
431000	113.0289	25.7952
431100	111.614	26.2262
431200	109.9976	27.5558
431300	111.996	27.7016
433100	109.6006	27.9472
440100	113.3415	23.127
440200	113.5455	24.7791
440300	114.0577	22.5442
440400	113.3859	22.1583
440500	116.5809	23.339
440600	113.1214	23.0305
440700	113.0291	22.4516
440800	110.386	21.1567
440900	110.8577	21.6539
441200	112.4651	23.0477
441300	114.4174	23.0896
441400	116.1205	24.2899
441500	115.4192	22.7811
441600	114.6998	23.7432
441700	111.9818	21.8613
441800	113.0454	23.6882
441900	113.7515	23.0199
442000	113.3927	22.5159
445100	116.6215	23.6547
445200	116.3684	23.5491
445300	112.044	22.9293
450100	108.3109	22.6537
450200	109.3799	24.3992
450300	110.3516	25.1756
450400	111.2959	23.4904
450500	109.321	21.5337
450600	108.3466	21.6156
450700	108.6537	21.9816
450800	109.5989	23.112
450900	110.1654	22.6384
451000	106.6187	23.9022
451100	111.5666	24.4035
451200	108.0855	24.6925
451300	109.2195	23.7523
451400	107.3579	22.4026
460100	110.3311	20.0158
460200	109.5119	18.2526
500000	106.5484	29.5549
510100	104.0886	30.7105
510300	104.8091	29.2999
510400	101.7189	26.5837
510500	105.4086	28.7635
510600	104.3978	31.1275
510700	104.743	31.4614
510800	105.8433	32.4354
510900	105.5369	30.4275
511000	105.1274	29.634
511100	103.7012	29.4703
511300	106.0829	30.7912
511400	103.8442	30.1014
511500	104.6212	28.7705
511600	106.6332	30.4559
511700	107.5009	31.2171
511800	103.0131	29.9805
511900	106.7447	31.8652
512000	104.6277	30.1272
513200	102.2224	31.8991
513300	101.8657	30.1413
513400	102.2422	27.9095
520100	106.7611	26.5434
520200	104.8727	26.5821
520300	106.909	27.6583
520400	105.9386	26.245
520600	109.1876	27.7184
522300	104.8948	25.0935
520500	105.2883	27.3032
522600	107.981	26.583
522700	107.5112	26.283
530100	102.7	25.0125
530300	103.8014	25.496
530400	102.5462	24.3519
530500	99.1625	25.1162
530600	103.714	27.3392
530700	100.2299	26.876
530800	100.9705	22.7777
530900	100.0927	23.8803
532300	101.5447	25.0549
532500	103.18	23.4301
532600	104.2546	23.3802
532800	100.7992	22.0108
532900	100.2221	25.5842
533100	98.5669	24.4484
533300	98.9029	25.8583
533400	99.709	27.859
540100	91.1251	29.6568
542100	97.1502	31.1815
542200	91.8049	29.2406
542300	88.8883	29.2717
542400	92.0592	31.4524
542500	80.1027	32.5516
542600	94.4083	29.6352
610100	108.9442	34.2648
610200	108.9805	34.9089
610300	106.9516	34.4267
610400	108.765	34.3663
610500	109.5097	34.4999
610600	109.4896	36.5854
610700	107.0318	33.0683
610800	109.7352	38.2855
610900	109.0293	32.6847
611000	109.9412	33.8627
620100	103.7572	36.0758
620200	98.2778	39.7835
620300	102.1937	38.521
620400	104.1416	36.5476
620500	105.726	34.5686
620600	102.642	37.9283
620700	100.461	38.9312
620800	106.6975	35.5299
620900	98.4964	39.7336
621000	107.6325	35.7386
621100	104.6106	35.5806
621200	104.9225	33.4005
622900	103.201	35.5913
623000	102.8992	34.9854
630100	101.7846	36.6306
632100	102.0862	36.5091
632200	100.9729	36.9433
632300	102.0273	35.5399
632500	100.6377	36.3243
632600	100.2954	34.4774
632700	97.0129	33.0183
632800	93.2945	38.1313
640100	106.2732	38.4751
640200	106.3682	39.0188
640300	106.2003	37.998
640400	106.2426	36.0159
640500	105.1738	37.5169
650100	87.6051	43.8103
650200	84.8904	45.5804
652100	89.2106	43.0069
652200	93.5502	42.8991
652300	87.9882	44.0044
652700	82.0787	44.9125
652800	86.1827	41.8973
652900	80.2445	41.1239
653000	76.6699	39.8878
653100	75.9993	39.4657
653200	79.764	37.2296
654000	81.3383	43.9232
654200	83.0147	46.7522
710000	120.9581	23.8516
810000	114.1394	22.3915
820000	113.5678	22.1676
520203	105.48	26.22
520601	109.18	27.72
520603	109.2	27.52
520501	105.28	27.3
542301	88.88	29.27
620201	98.27	39.8
620901	95.78	40.52
622927	102.88	35.72
650109	87.68	43.95
652101	89.17	42.95
652201	93.52	42.83
653201	79.92	37.12
652901	80.27	41.17
653101	75.98	39.47
469001	109.52	18.78
469002	110.47	19.25
469003	109.57	19.52
469006	110.4	18.8
469007	108.63	19.1
469023	110	19.73
469021	110.32	19.7
469022	110.1	19.37
469024	109.68	19.92
469025	109.45	19.23
469026	109.05	19.25
469027	109.17	18.75
469028	110.03	18.5
469029	109.7	18.63
469030	109.83	19.03
469005	110.8	19.55
340102	117.2591	31.7956
340803	116.98	30.53
340802	117.15	30.54
340303	117.35	32.88
340311	117.38	33.02
340302	117.47	32.92
340304	117.3	32.88
341602	115.81	33.78
341702	117.5	30.51
341102	118.33	32.33
341103	118.27	32.31
341203	116.03	32.94
341204	115.73	33.07
341202	115.72	32.86
340602	116.95	34.11
340604	116.9	33.84
340603	116.72	33.98
340405	116.82	32.65
340402	117.11	32.64
340406	116.86	32.8
340403	117.01	32.56
340404	116.9	32.54
341003	118.07	30.27
341004	118.27	29.9
341002	118.3	29.71
341502	116.66	31.63
341503	116.3	31.75
340503	118.57	31.71
340504	118.55	31.65
340703	117.88	30.94
340702	117.81	30.92
340202	118.38	31.35
340207	118.49	31.37
341802	118.79	30.94
350104	119.33	26.01
350102	119.29	26.09
350111	119.31	26.22
350105	119.51	26.08
350103	119.32	26.06
350802	117.08	25.22
350702	118.25	26.59
350902	119.45	26.76
350302	118.95	25.43
350303	119.07	25.6
350304	119.07	25.42
350305	119.13	25.27
350503	118.6	24.93
350502	118.56	24.9
350504	118.64	25.13
350505	118.81	25.17
350402	117.63	26.3
350403	117.51	26.17
350205	117.98	24.53
350206	118.14	24.52
350211	118.02	24.64
350203	118.13	24.46
350212	118.11	24.78
350213	118.28	24.67
350603	117.7	24.53
350602	117.63	24.57
620402	104.2	36.5
620403	104.94	36.69
621102	104.63	35.64
620302	102.32	38.49
620922	95.8	40.73
620902	98.8	39.59
620105	103.71	36.11
620102	103.85	36.05
620111	103.06	36.3
620103	103.77	35.99
620104	103.56	36.1
621202	105.13	33.29
620802	106.74	35.51
621002	107.67	35.67
620503	106.05	34.52
620502	105.58	34.34
620602	102.75	37.91
620702	100.52	39.01
445102	116.67	23.7
440604	113.07	23
440608	112.68	22.82
440605	113.04	23.07
440607	112.9	23.29
440606	113.18	22.84
440111	113.33	23.29
440105	113.33	23.08
440114	113.22	23.44
440112	113.49	23.1
440103	113.23	23.09
440106	113.38	23.16
440104	113.28	23.13
441602	114.65	23.69
441302	114.48	23.16
441303	114.47	22.87
440704	113.13	22.55
440703	113.06	22.66
440705	113.03	22.38
445202	116.36	23.52
440903	110.98	21.57
440902	110.86	21.67
441402	116.11	24.29
441802	113.11	23.62
440514	116.41	23.18
440513	116.48	23.34
440515	116.81	23.53
440512	116.71	23.28
440511	116.65	23.39
440507	116.75	23.4
441502	110.62	21.35
440205	113.64	24.65
440203	113.37	24.7
440204	113.57	24.91
440306	113.93	22.7
440304	114.05	22.55
440307	114.34	22.65
440303	114.15	22.58
440305	113.95	22.55
440308	114.27	22.6
445302	112.17	22.97
440802	110.37	21.28
440811	110.33	21.09
440804	110.51	21.28
440803	110.38	21.2
441203	112.62	23.2
441202	112.47	23.1
440403	113.24	22.21
440404	113.41	22.04
440402	113.53	22.26
451002	106.5	23.94
450502	109.16	21.51
450512	109.42	21.57
450503	109.25	21.48
451402	107.46	22.52
450603	108.02	21.76
450602	108.44	21.66
450802	109.68	23.24
450803	109.7	22.87
450804	109.4	23.14
450303	110.33	25.31
450305	110.35	25.26
450304	110.28	25.21
450302	110.27	25.28
450311	110.37	25.11
451202	107.87	24.66
451102	111.68	24.3
451302	109.19	23.66
450202	109.48	24.37
450205	109.41	24.47
450204	109.34	24.3
450203	109.45	24.27
450105	108.13	22.66
450108	108.37	22.49
450103	108.54	22.82
450107	108.21	22.91
450102	108.41	22.92
450109	108.62	22.59
450703	108.52	22.17
450702	108.81	21.89
450404	111.31	23.54
450403	111.42	23.56
450405	111.18	23.56
450902	110.06	22.55
520402	106.06	26.19
520113	106.68	26.71
520111	106.66	26.39
520102	106.72	26.54
520112	106.73	26.68
520114	106.7	26.49
520103	106.71	26.6
520201	104.76	26.73
520302	106.92	27.67
520303	107	27.88
460106	110.33	19.9
460108	110.5	19.94
460107	110.48	19.74
460105	110.26	19.88
460201	109.42	18.39
130603	115.53	38.89
130604	115.48	38.82
130602	115.41	38.88
130105	116.89	38.3
130903	116.84	38.31
130803	117.8	41.05
130802	117.94	40.97
130804	117.67	40.53
130403	114.51	36.63
130406	114.19	36.47
130404	114.44	36.61
130402	114.46	36.53
131102	115.66	37.72
131002	116.79	39.34
131003	116.69	39.53
130304	119.47	39.85
130302	119.57	39.98
130303	119.71	40.03
130107	114.05	38.08
130185	114.34	38.08
130104	114.43	38.03
130902	114.45	38.11
130108	114.58	38.01
130102	114.59	38.07
130207	118.08	39.38
130208	118.05	39.78
130204	118.46	39.72
130205	118.25	39.69
130203	118.18	39.65
130202	118.2	39.61
130502	114.52	37.05
130503	114.46	37.05
130702	114.91	40.78
130703	114.86	40.83
130706	115.35	40.56
130705	115.25	40.63
410503	114.39	36.14
410506	114.25	36.05
410502	114.41	36.03
410505	114.29	36.13
410602	114.09	35.97
410611	114.19	35.81
410603	114.25	35.92
410802	113.23	35.24
410804	113.36	35.3
410811	113.27	35.24
410803	113.16	35.25
410204	114.35	34.8
410202	114.36	34.8
410203	114.36	34.8
410304	112.5	34.7
410306	112.58	34.9
410305	112.39	34.67
410302	112.45	34.7
410311	112.46	34.63
410303	112.4	34.68
411103	113.94	33.67
411102	113.92	33.53
411104	114.18	33.57
411302	112.61	32.93
411303	112.48	33
410404	112.89	33.89
410403	113.36	33.76
410402	113.2	33.77
410411	113.27	33.71
410902	115.04	35.77
411202	111.28	34.77
411402	115.63	34.5
411403	115.58	34.28
410704	113.92	35.38
410702	113.91	35.28
411503	114.13	32.3
411502	113.96	32.03
411002	113.82	34.04
410103	113.61	34.69
410104	113.72	34.7
410105	113.7	34.79
410106	113.29	34.82
410102	113.55	34.77
411602	114.65	33.63
411702	114	32.96
230606	124.69	46.07
230605	124.91	46.42
230603	125.14	46.53
230604	124.83	46.72
230602	125.04	46.66
230112	126.65	45.77
230102	126.65	45.77
230104	126.65	45.77
230111	126.61	45.99
230103	127.39	45.28
230108	126.65	45.6
230109	126.65	45.77
230110	126.73	45.7
230406	130.24	47.48
230403	130.27	47.32
230404	130.28	47.29
230402	130.3	47.35
230405	130.24	47.23
230407	130.32	47.39
231102	126.76	50.21
230306	131.02	45.37
230304	130.73	45.35
230303	130.91	45.13
230302	130.95	45.3
230305	130.76	45.09
230307	130.56	45.2
230804	132.27	46.46
230803	130.3	47.35
231004	129.54	44.68
231002	129.86	44.4
231003	129.78	44.58
230904	131.47	45.88
230903	130.99	45.77
230902	130.89	45.81
230205	123.97	47.1
230206	123.57	47.22
230203	124.02	47.4
230202	123.94	47.3
230208	124	47.58
230207	122.93	47.58
230204	124.26	47.3
230506	131.56	46.52
230502	131.17	46.65
230503	131.24	46.45
230505	131.3	46.66
231202	126.95	46.74
230706	128.36	47.58
230713	128.86	47.09
230715	129.25	48.29
230709	129.77	47.49
230708	129.4	47.76
230703	129.53	46.96
230716	129.02	48.03
230712	129.53	48.56
230711	128.79	47.54
230714	129.49	48.83
230710	129.06	48.22
230705	129.22	47.5
230707	129.78	48.21
230702	128.9	47.74
230704	128.46	48.12
420704	114.9	30.32
420703	114.7	30.47
420702	114.65	30.17
421102	114.94	30.51
420202	115.07	30.23
420203	114.86	29.67
420205	114.9	30.21
420204	114.99	30.19
420802	112.08	31.12
420804	112.19	30.93
421003	112.09	30.39
421002	112.42	30.32
420302	110.78	32.6
420303	110.71	32.66
421303	113.29	31.89
420114	113.97	30.45
420112	114.08	30.69
420113	113.96	30.28
420105	114.21	30.54
420111	114.43	30.54
420116	114.36	30.98
420102	114.33	30.65
420103	114.26	30.61
420115	114.36	30.25
420107	114.44	30.63
420106	114.35	30.56
420117	114.76	30.8
421202	114.39	29.85
420606	111.92	32.15
420602	112.01	31.93
420902	114.01	30.94
420504	111.21	30.62
420505	111.31	30.73
420503	111.38	30.67
420502	111.31	30.74
420506	111.31	30.97
430703	111.74	28.99
430702	111.69	28.99
431002	112.88	25.67
431003	113.05	25.77
430407	112.6	26.95
430406	112.6	26.85
430408	112.55	26.88
430405	112.68	26.88
431202	109.94	27.61
431302	112	27.76
430511	111.42	27.25
430503	111.48	27.15
430502	111.54	27.24
430302	112.89	27.87
430304	113.02	27.92
430903	112.46	28.45
430902	112.34	28.69
431103	111.62	26.56
431102	111.61	26.43
430611	112.82	29.46
430602	113.15	29.36
430603	113.35	29.52
430811	110.48	29.35
430102	113.02	28.2
430105	113.02	28.26
430103	112.99	28.14
430111	113.02	28.14
430104	112.9	28.2
430202	113.21	27.9
430203	113.16	27.82
430204	113.16	27.94
430211	113.06	27.77
220802	122.78	45.62
220605	126.82	42.07
220202	126.32	44.02
220204	126.38	43.88
220211	126.69	43.65
220203	126.69	44.1
220402	125.21	42.91
220403	125.15	42.98
220702	124.86	45.29
220502	125.96	41.67
220503	126.15	41.77
220104	125.27	43.68
220105	125.61	43.87
220103	125.34	43.99
220106	125.19	43.91
220102	125.41	43.73
220112	125.71	43.53
320405	120.05	31.75
320402	120	31.77
320412	119.94	31.67
320404	119.91	31.79
320802	119.13	33.59
320811	119.02	33.48
320706	119.16	34.51
320703	119.46	34.63
320705	119.26	34.65
320103	118.82	32.03
320106	118.76	32.06
320105	118.71	32.01
320115	118.83	31.86
320116	118.84	32.4
320111	118.56	32.05
320113	118.96	32.16
320104	118.81	32
320107	118.77	32.1
320102	118.84	32.07
320114	118.72	31.95
320602	120.88	31.96
320611	120.82	32.07
320612	121.02	32.08
320508	120.61	31.29
320505	120.47	31.35
320506	120.36	31.17
320507	120.64	31.45
321203	119.92	32.33
321202	119.92	32.48
320204	120.28	31.6
320202	120.32	31.59
320206	120.21	31.65
320203	120.31	31.54
320205	120.49	31.61
321302	118.27	33.86
321311	118.34	34
320302	117.29	34.3
320305	117.49	34.41
320311	117.17	34.24
320303	117.27	34.22
321002	119.48	32.39
321112	119.49	32.11
321102	119.58	32.2
321111	119.43	32.19
360702	114.93	25.83
360802	114.96	27.16
360803	115.26	26.85
360203	117.23	29.3
360402	116	29.66
360403	116	29.71
360102	115.91	28.69
360104	115.92	28.63
360105	115.75	28.8
360103	115.89	28.65
360302	113.87	27.64
360313	113.73	27.53
361102	118.05	28.49
360502	115	27.85
360902	114.29	27.83
360602	117.05	28.24
210304	123.04	41.16
210311	123.01	41.06
210302	123.02	41.11
210504	123.9	41.34
210505	123.82	41.12
210503	123.71	41.45
211324	119.77	41.14
211303	120.4	41.6
211302	120.48	41.6
210211	121.52	38.95
210213	121.95	39.29
210212	121.29	38.9
210204	121.58	38.92
210203	121.62	38.91
210202	121.67	38.9
210602	124.35	40.17
210604	124.29	40.21
210603	124.35	40.06
210403	124.02	41.83
210411	123.9	41.91
210404	123.78	41.86
210402	123.91	41.86
210902	121.65	41.99
210905	121.44	41.75
210904	121.73	42
210911	121.62	42.04
210903	121.82	42.07
211402	120.68	40.88
211403	120.9	40.75
211404	120.66	41.13
210782	121.86	41.54
210702	121.12	41.14
210703	121.18	41.13
210711	121.11	41.13
211002	123.17	41.27
211005	123.42	41.14
211004	123.22	41.22
211011	123.17	41.27
211003	123.2	41.27
211102	122.03	41.19
211103	121.96	41.15
210104	123.49	41.83
210112	123.59	41.76
210102	123.41	41.78
210105	123.41	41.84
210103	123.45	41.79
210111	123.42	41.58
210106	123.35	41.8
210114	123.24	41.84
211204	124.27	42.5
211202	123.85	42.24
210804	122.17	40.25
210811	122.33	40.67
210803	122.21	40.66
210802	122.26	40.7
150202	110.07	40.58
150203	109.8	40.65
150204	109.9	40.65
150205	110.29	40.71
150402	118.99	42.28
150404	118.75	42.26
150403	119.26	42.18
150103	111.59	40.83
150102	111.79	40.92
150104	111.65	40.74
150502	122.29	43.65
150302	106.86	39.73
150303	106.92	39.29
150304	106.72	39.53
150902	113.11	41.02
640402	106.29	36
640202	106.38	38.96
640205	106.61	39.1
640303	106.07	37.4
640302	106.21	37.76
640106	106.24	38.47
640105	106.05	38.55
640104	106.38	38.46
640502	105.11	37.36
630105	101.71	36.68
630102	101.83	36.6
630104	101.72	36.63
630103	101.77	36.6
371602	117.98	37.42
371402	116.33	37.45
370502	118.61	37.4
370503	118.62	37.96
371702	115.47	35.28
370104	116.89	36.68
370112	117.19	36.61
370102	117.1	36.65
370103	116.97	36.58
370105	116.98	36.77
370113	116.8	36.42
370811	116.57	35.38
371203	117.82	36.09
371202	117.64	36.31
371502	115.9	36.45
371312	118.51	35.12
371302	118.31	35.17
371311	118.29	34.96
370214	120.34	36.28
370211	120.16	36
370212	120.58	36.19
370213	120.43	36.19
370203	120.37	36.1
370202	120.37	36.07
370205	120.37	36.13
371102	119.37	35.46
371103	119.25	35.29
370911	117.19	36.14
370902	117.18	36.21
371002	122.15	37.39
370704	119.25	36.62
370703	119.17	36.9
370705	119.19	36.69
370702	119.03	36.7
370611	121.2	37.48
370613	121.45	37.4
370612	121.56	37.27
370602	121.36	37.52
370406	117.48	35.09
370402	117.6	34.87
370405	117.63	34.58
370403	117.35	34.79
370404	117.6	34.71
370304	117.96	36.42
370305	118.3	36.85
370303	118.07	36.81
370306	117.87	36.77
370302	118.02	36.58
140202	113.29	40.1
140211	113.22	40.05
140212	113.23	40.26
140702	112.84	37.65
141002	111.47	36.12
141102	111.31	37.55
140603	112.3	39.64
140602	112.55	39.24
140108	112.48	37.97
140110	112.48	37.74
140109	112.4	37.89
140105	112.57	37.75
140107	112.62	37.91
140106	112.66	37.86
140902	112.6	38.43
140302	113.61	37.85
140203	113.54	37.89
140802	110.96	35.06
140402	113.12	36.18
610902	108.89	32.81
610304	106.92	34.48
610303	107.11	34.4
610302	107.1	34.31
610702	107.04	33.18
611002	109.87	33.89
610204	108.83	35.03
610502	109.56	34.55
610111	109.1	34.3
610103	108.96	34.25
610104	108.91	34.27
610112	108.92	34.33
610114	109.31	34.68
610113	108.93	34.22
610402	108.68	34.35
610404	108.81	34.42
610403	108.05	34.29
610602	109.64	36.57
610802	109.64	38.38
511902	106.73	31.78
510108	104.15	30.69
510106	104.06	30.73
510104	104.12	30.6
510112	104.3	30.6
510113	104.34	30.79
510105	103.98	30.68
510115	103.84	30.7
510107	104.04	30.61
510114	104.11	30.83
511702	107.51	31.23
510603	104.41	31.17
511602	106.75	30.59
510812	106.02	32.7
510802	105.78	32.47
510811	105.88	32.14
511113	103.07	29.29
511111	103.6	29.31
511102	103.8	29.61
511112	103.84	29.39
510502	105.37	28.87
510504	105.43	28.98
510503	105.39	28.61
511402	103.74	30.05
510703	104.67	31.43
510704	104.98	31.51
511303	106.25	30.75
511304	105.93	30.66
511302	106.11	30.94
511011	105.2	29.62
511002	104.95	29.55
510402	101.74	26.58
510403	101.55	26.61
510904	105.41	30.36
510903	105.62	30.52
511802	103.03	29.92
511502	104.69	28.81
512002	104.75	30.09
510304	104.87	29.41
510303	104.6	29.31
510311	104.85	29.24
510302	104.7	29.28
120116	117.64	39.05
540102	91.16	29.66
542431	87.89	31.9
654321	87.23	48.31
654323	88.05	46.39
654322	89.39	46.53
654324	86.4	48.31
654326	86.2	47.4
654325	90.4	46.26
650204	85.17	45.63
650202	84.89	44.3
650203	84.92	45.2
650205	85.51	46
659002	81.29	40.61
659001	86.04	44.3
659003	79.19	39.88
659004	87.56	44.36
654221	84.2	46.59
654226	86.21	46.25
654223	85.47	44.35
654224	83.89	45.65
654202	84.27	44.4
654225	82.81	46
650103	87.54	43.8
650105	87.66	43.84
650102	87.63	43.78
650106	87.42	43.92
650104	87.54	43.89
530502	99.06	25.2
530113	103.07	26.13
530111	102.82	25.03
530103	102.76	25.27
530102	102.64	25.26
530112	102.6	24.98
530702	100.32	26.85
530902	100.13	23.84
530802	100.85	22.73
530302	103.91	25.36
530402	102.49	24.36
530602	103.6	27.42
330108	120.19	30.18
330105	120.15	30.34
330104	120.3	30.31
330102	120.18	30.23
330106	120.08	30.2
330103	120.18	30.31
330109	120.38	30.17
330110	119.99	30.38
330503	120.3	30.76
330502	120.08	30.8
330402	120.76	30.77
330703	119.8	29.15
330702	119.51	28.98
331102	119.84	28.44
330206	121.88	29.86
330203	121.53	29.87
330205	121.49	29.96
330204	121.59	29.87
330212	121.53	29.78
330211	121.61	29.99
330802	118.81	28.99
330803	118.93	28.94
330602	120.61	30.01
331003	121.08	28.6
331002	121.46	28.65
331004	121.45	28.54
330303	120.81	27.91
330302	120.56	28.06
330304	120.55	27.97
330902	122.07	30.06
330903	122.27	29.87
654300	88.06	47.81
361002	116.362	27.92
320903	119.961	33.26
320804	118.931	33.66
321003	119.451	32.42
440113	113.411	22.93
340111	117.2591	31.7956
150602	109.761	39.8
