  340823     1.0
  340822     0.2
  340824     0.6
  340825     1.0
  340881     0.9
  340827     0.9
  340826     1.0
  340828     1.0
  340323     5.5
  340321    13.7
  340322     2.0
  341623     1.6
  341622     3.4
  341621     1.1
  340522     0.0
  340523     0.9
  340124     1.0
  340225     0.4
  341721     1.0
  341723     1.0
  341722     1.0
  341125     4.6
  341126    11.0
  341122     4.5
  341182     3.9
  341124     1.0
  341181     3.0
  341225     2.0
  341282     0.0
  341221     1.0
  341222     0.0
  341226     3.0
  340122     2.0
  340123     1.8
  340121     3.7
  340621     3.9
  340421     3.0
  341024     8.0
  341021    13.1
  341022     5.2
  341023     5.7
  341522     4.8
  341525     2.0
  341524     1.0
  341521     7.4
  341523     1.9
  340521     1.0
  340721     1.0
  340222     1.0
  340223     1.0
  340221     1.0
  341321    45.3
  341323     2.0
  341324     2.4
  341322    27.0
  341822     1.0
  341824    14.8
  341823     1.0
  341825     8.7
  341821     1.0
  341881    11.0
  110114     2.9
  110105    49.6
  110115     5.8
  110101    44.1
  110111     2.6
  110106     8.3
  110108     6.6
  110116     5.4
  110109     2.0
  110228     8.0
  110117     3.6
  110107     5.0
  110113    43.3
  110112    35.5
  110102    36.4
  110229     3.9
  350181    40.5
  350122    50.0
  350123    53.5
  350121    53.2
  350124    63.7
  350128    18.6
  350125    41.7
  350182    42.4
  350825    35.5
  350823    60.5
  350824    11.4
  350822    55.8
  350881    54.2
  350821    49.8
  350723    58.7
  350783    30.6
  350784    44.4
  350722    50.0
  350781    37.2
  350721    55.7
  350724    61.0
  350782    45.2
  350725    30.1
  350981    36.5
  350982     7.0
  350922    49.7
  350923    42.2
  350924     8.6
  350921     7.1
  350926    27.4
  350925    50.9
  350322    44.8
  350524    35.4
  350526    57.3
  350521    10.0
  350527     8.4
  350582    17.3
  350583    47.3
  350581    13.8
  350525    31.1
  350425    61.1
  350430    50.1
  350428    42.0
  350421    50.0
  350424    38.5
  350423    51.9
  350427    52.2
  350429    46.5
  350481    58.4
  350426    62.0
  350626    29.4
  350629    46.6
  350681    13.7
  350627    26.4
  350628    30.0
  350622    29.6
  350623    20.7
  350625    25.9
  350624    33.3
  620422    50.3
  620423     4.1
  620421     3.0
  621124     8.0
  621122     8.0
  621126     8.0
  621121     8.0
  621123     8.0
  621125     8.0
  623024     4.5
  623001     2.0
  623021     5.7
  623026     2.0
  623025     2.7
  623027     4.2
  623023     4.0
  623022     4.9
  620321     3.3
  620924     4.0
  620982     1.0
  620921     2.0
  620923     2.2
  620981     2.0
  620122     1.0
  620121     1.5
  620123     3.9
  622926     1.0
  622924     1.0
  622925     4.1
  622922     3.8
  622901     3.0
  622921     4.0
  622923     2.0
  621221     3.0
  621223     4.9
  621227    40.4
  621224     6.4
  621226     1.9
  621228    44.7
  621222     5.5
  621225     1.4
  620823    45.0
  620824    26.6
  620821    64.0
  620826    48.9
  620822    37.2
  620825    37.2
  621024    49.1
  621023    44.3
  621022    30.0
  621026    24.1
  621021    17.8
  621027    24.1
  621025    24.1
  620523     7.9
  620522    43.8
  620521    48.5
  620524     5.0
  620525    38.1
  620622     5.4
  620621     1.7
  620623    11.2
  620724     1.0
  620723     2.0
  620722     5.1
  620725     3.0
  620721    15.0
  445121    25.2
  445122    27.0
  440184    40.4
  440183    43.5
  441625    49.8
  441624    15.6
  441623     6.7
  441622    52.9
  441621    47.8
  441322    47.2
  441323    33.5
  441324    57.9
  440785    55.3
  440784    27.0
  440783    48.4
  440781    11.0
  445224    50.0
  445221    43.9
  445222    62.5
  445281    47.6
  440923    46.9
  440981    45.2
  440982    47.0
  440983    38.2
  441422    47.6
  441423    60.3
  441427    30.3
  441421    53.0
  441426    15.3
  441424    28.5
  441481    60.8
  441821     9.3
  441826     6.8
  441825     4.8
  441882     3.0
  441827    10.0
  441823     3.2
  441881    42.0
  440523    45.6
  441521     8.1
  441581    31.7
  441523    51.3
  440281     2.0
  440282     1.2
  440224     1.1
  440232     7.8
  440222     1.9
  440229     3.2
  440233    13.7
  441702    56.5
  441781    35.0
  441723    48.2
  441721    36.5
  445381    53.0
  445321    58.9
  445322    40.3
  445323    44.0
  440882    23.5
  440881    39.7
  440823    11.8
  440883    11.7
  440825    27.5
  441226    15.8
  441225    38.5
  441283    40.7
  441223    13.4
  441224     3.7
  441284    50.3
  451024     4.6
  451025     1.0
  451028     1.0
  451027     4.9
  451031     1.0
  451026     2.6
  451023     3.5
  451022     2.0
  451029     2.2
  451021     3.2
  451030     1.0
  450521    10.5
  451424     1.0
  451421     2.6
  451423     1.0
  451422     2.1
  451481     2.0
  451425     2.0
  450681     4.4
  450621     2.9
  450881     5.2
  450821     4.0
  450332     2.0
  450327     3.0
  450331     1.6
  450322     4.0
  450323     1.0
  450328     4.7
  450330     0.4
  450324     3.0
  450325     1.0
  450321     2.0
  450326     3.0
  450329     2.0
  451227     6.6
  451229     6.0
  451224     8.5
  451228     7.9
  451223    13.0
  451226     1.0
  451225     2.0
  451221     1.0
  451222     1.0
  451281     4.3
  451123     2.0
  451121     4.1
  451122     3.0
  451381     3.1
  451324     5.0
  451323     2.7
  451322     2.0
  451321     1.5
  450222     1.3
  450221     1.0
  450223     1.0
  450224     2.3
  450225     3.0
  450226     8.2
  450126     4.7
  450127     5.8
  450123     2.0
  450124    17.9
  450125     3.8
  450122     1.8
  450721    11.7
  450722    50.9
  450421     8.5
  450481    58.9
  450423     5.2
  450422     9.0
  450981    11.3
  450923    40.0
  450922    38.7
  450921    16.8
  450924    25.0
  520424     1.0
  520421     1.0
  520422     1.0
  520423     1.0
  520425     1.0
  520521     8.6
  520527    37.6
  520523     1.0
  520525     3.0
  520522     1.5
  520526     9.5
  520524     2.0
  520121     1.0
  520181     1.0
  520122     1.0
  520123     1.0
  520222     2.0
  520221     1.0
  522626     4.6
  522633     2.8
  522636     2.0
  522622     3.0
  522629     1.0
  522628     1.0
  522601     1.0
  522634     2.5
  522631     2.0
  522635     1.0
  522632     1.0
  522624     5.4
  522623     3.7
  522630     1.0
  522627     4.0
  522625     5.2
  522701     2.2
  522726     2.0
  522702     2.0
  522723     1.0
  522731     4.4
  522722     1.0
  522730     2.1
  522728     1.2
  522727     2.0
  522732     1.0
  522725     0.6
  522729     1.0
  522328     1.0
  522327     1.0
  522323     3.0
  522324     2.0
  522326     1.0
  522322     0.0
  522301     2.0
  522325     1.0
  520626     0.4
  520621     1.7
  520623     2.7
  520624     1.0
  520628     1.0
  520627     1.0
  520625     1.7
  520622     5.5
  520381    33.8
  520325     1.3
  520327     1.0
  520328     1.0
  520382     1.4
  520323     1.0
  520322     1.3
  520326     1.6
  520330     4.2
  520329     1.1
  520324     1.0
  520321     1.3
  130683     4.0
  130632     2.1
  130637     5.5
  130626     6.0
  130682    27.8
  130624     4.0
  130684     7.6
  130628     2.0
  130623     2.0
  130630     2.0
  130635     3.1
  130621     3.0
  130622     6.2
  130634     2.0
  130629     2.5
  130636     3.0
  130627     3.0
  130631    36.3
  130638     2.0
  130625     4.0
  130633     5.0
  130681     5.2
  130981    47.4
  130921    20.5
  130923    48.9
  130924    60.8
  130984    16.7
  130983    21.9
  130930    47.1
  130927    38.3
  130922     9.9
  130982     3.6
  130926     8.9
  130928    60.4
  130929    27.8
  130925    58.6
  130821     4.4
  130826     4.0
  130827     8.5
  130825    12.4
  130824     4.4
  130823     9.2
  130828     4.2
  130822     3.9
  130424    28.3
  130427    44.6
  130425    42.7
  130428    29.9
  130433    56.7
  130432    43.7
  130421    40.0
  130431    50.2
  130423    29.0
  130430    53.9
  130435    41.8
  130426    19.0
  130434    39.0
  130481    46.2
  130429    36.0
  131125     5.5
  131128    43.4
  131126    58.7
  131181    59.3
  131127    58.0
  131124     7.8
  131182    24.2
  131123    51.0
  131122    56.2
  131121    56.6
  131081     2.1
  131028    21.8
  131025     4.0
  131022     9.0
  131082     8.7
  131026     1.8
  131024    22.5
  131023     9.0
  130322    49.4
  130323     8.2
  130324    15.8
  130321     5.4
  130127     6.1
  130182     2.5
  130125     2.0
  130183     2.0
  130121     2.0
  130126     1.8
  130124     2.0
  130131     1.9
  130128     3.9
  130130     2.9
  130181    15.2
  130184     4.1
  130132     2.0
  130129     3.0
  130133     7.9
  130123     2.0
  130225    35.5
  130224    19.3
  130223    27.2
  130283    13.2
  130227     5.1
  130209     7.5
  130229    31.7
  130281     5.6
  130524    10.8
  130531    54.9
  130529    31.4
  130522     5.5
  130535    62.3
  130525    23.2
  130581    40.2
  130527    34.7
  130523    10.1
  130528    20.2
  130532    51.1
  130534    51.1
  130526    25.5
  130582    67.0
  130533    61.0
  130530    46.9
  130521    13.2
  130732     5.5
  130733     3.0
  130724     5.6
  130728     2.0
  130730     2.0
  130723     6.0
  130725     4.0
  130729     2.4
  130726     4.0
  130721     4.0
  130727     5.4
  130722     3.0
  130731     3.0
  410522    45.5
  410526    79.5
  410581    38.8
  410527    58.0
  410523    60.9
  410621    46.3
  410622    42.1
  410822    29.9
  419001     5.8
  410883    37.0
  410882    17.6
  410825    38.0
  410823    41.6
  410821    38.4
  410224    49.2
  410225    77.1
  410221    48.6
  410222    41.0
  410223    19.0
  410324     7.9
  410328     5.5
  410322    19.4
  410326    15.0
  410325     9.0
  410323     3.8
  410381    46.4
  410329    16.5
  410327     9.0
  411122     2.6
  411121     2.0
  411381     1.0
  411322     1.0
  411321     7.0
  411325     7.3
  411327     1.0
  411328     1.0
  411330     1.0
  411323     4.5
  411326     1.0
  411329     1.0
  411324     1.0
  410421     4.0
  410425     1.7
  410423     7.5
  410482    14.6
  410481     1.0
  410422     1.5
  410926    46.8
  410923    30.0
  410928    46.4
  410922    33.3
  410927    56.9
  411282     3.8
  411224     7.0
  411221     2.0
  411222     5.4
  411281     1.5
  411421    67.8
  411423    18.0
  411422    32.2
  411426    22.0
  411481     2.0
  411425    17.9
  411424    17.6
  410727    66.0
  410782    49.0
  410724    50.0
  410781    43.2
  410721    48.8
  410726    43.8
  410725    41.5
  410728    78.4
  411525     2.1
  411522     1.0
  411527     1.0
  411526     1.0
  411521     1.0
  411524     1.0
  411528     0.4
  411523     0.6
  411025     2.4
  411023     6.5
  411024     6.1
  411081     5.2
  411082    15.3
  410185    21.9
  410181    31.5
  410183    28.9
  410184    22.7
  410182    41.0
  410122    38.1
  411625     1.8
  411621     4.0
  411626     2.0
  411628     6.0
  411623     4.0
  411624     0.0
  411627    10.4
  411622     2.0
  411681     0.8
  411726     1.0
  411723     1.0
  411725     1.0
  411727     1.0
  411722     1.0
  411728     1.0
  411721     1.7
  411729     0.2
  411724     1.0
  230624     1.0
  230623     1.6
  230622     3.5
  230621     1.3
  232721    34.3
  232723    22.0
  232722    51.5
  230126     2.0
  230125     1.0
  230124     1.0
  230127     2.5
  230183     4.6
  230182     3.0
  230128     3.0
  230184     6.3
  230129     3.1
  230123     2.0
  230421     2.7
  230422     1.8
  231181     2.9
  231121     3.0
  231124     1.0
  231182     2.0
  231123     4.9
  230381    22.8
  230321    56.5
  230382    47.2
  230833     3.0
  230882     2.3
  230826     1.0
  230822     2.0
  230828     1.0
  230881     4.0
  231024    35.8
  231083    28.5
  231025    29.0
  231085    51.5
  231084    38.7
  231081    28.9
  230921     5.9
  230231     2.0
  230227     3.1
  230225     2.0
  230230     2.0
  230229     2.0
  230221     1.0
  230281     3.7
  230224     2.0
  230223     1.0
  230523     1.1
  230521     1.0
  230524     3.0
  230522     1.1
  231281     6.3
  231283     2.5
  231222     4.0
  231225     3.0
  231223     7.6
  231224     2.7
  231226     3.0
  231221     2.3
  231282     1.3
  230722     7.6
  230781     4.0
  422823     2.3
  422801     1.0
  422828     1.8
  422822     3.7
  422827     1.5
  422802     1.0
  422826     1.0
  422825     2.0
  421122     1.0
  421127     1.0
  421123     2.0
  421181     1.0
  421126     1.0
  421121     1.0
  421182     1.0
  421125     1.0
  421124     0.3
  420281     1.0
  420222     1.0
  420821    15.1
  420822     1.0
  420881     1.1
  421022     1.0
  421083     5.0
  421023     2.0
  421024     1.0
  421081     0.6
  421087     1.0
  429005     1.4
  429021     3.0
  429006     2.0
  429004     3.1
  420381     2.3
  420325     2.0
  420322     4.0
  420321     1.8
  420323     2.7
  420324     1.1
  421381     1.0
  421281     1.0
  421223     1.0
  421221     1.5
  421222     1.0
  421224     1.0
  420626     1.0
  420625     3.7
  420682     1.0
  420624     1.2
  420684     2.0
  420683     1.1
  420982     6.0
  420922     1.0
  420984     2.8
  420921     1.0
  420981     4.8
  420923     1.9
  420582     1.0
  420529     2.0
  420526     1.0
  420581     2.1
  420525     2.0
  420528     2.0
  420583     1.0
  420527     2.0
  430721     0.5
  430722     1.6
  430781     0.9
  430723     1.0
  430724     1.0
  430726     1.0
  430725     2.0
  431028     1.0
  431027     3.9
  431021     3.3
  431024     3.0
  431025     3.2
  431026     1.0
  431022     2.0
  431023     4.0
  431081     2.7
  430482     1.2
  430424     1.0
  430422     1.0
  430423     1.0
  430421     0.6
  430481     1.8
  430412     1.0
  430426     1.0
  431223     1.0
  431281     1.9
  431225     0.1
  431229     1.0
  431226     1.0
  431230     0.5
  431227     5.9
  431224     3.0
  431222     1.5
  431228     1.1
  431221     1.0
  431381     1.0
  431382     2.5
  431321     1.0
  431322     1.4
  430529     1.3
  430525     1.0
  430524     2.0
  430521     1.0
  430523     1.2
  430527     1.9
  430581     2.0
  430528     2.5
  430522     1.7
  430382     1.0
  430321     2.0
  430381     1.0
  433125     1.0
  433123     1.0
  433126     1.0
  433124     1.0
  433101     1.0
  433130     1.0
  433122     0.0
  433127     1.0
  430923     2.0
  430921     1.0
  430922     2.0
  430981     1.0
  431124     5.0
  431122     2.6
  431129     2.1
  431125     2.0
  431127     3.0
  431126     4.0
  431121     1.3
  431123     2.0
  431128     1.6
  430623     1.0
  430682     1.0
  430681     1.0
  430626     0.4
  430624     1.0
  430621     0.0
  430821     2.4
  430822     1.9
  430802     2.0
  430181     1.0
  430124     1.0
  430112     1.0
  430121     2.0
  430224     2.0
  430281     1.0
  430225     9.0
  430223     1.0
  430221     1.2
  220882     1.3
  220881     2.0
  220822     2.0
  220821     3.0
  220621    34.8
  220622     7.6
  220681    51.7
  220623    62.8
  220282     6.5
  220281    32.7
  220284    21.8
  220283    40.1
  220221    41.0
  220421    14.5
  220422    12.0
  220381     5.1
  220322    18.2
  220382     2.0
  220323    13.4
  220724     1.0
  220721     1.3
  220723     1.9
  220722     5.3
  220523     3.0
  220582    65.0
  220524    23.1
  220581     5.0
  220521    64.0
  222426    35.9
  222403    11.1
  222406    36.0
  222404    32.0
  222405    30.0
  222402    24.0
  222424    31.4
  222401    27.4
  220183     8.6
  220181    17.3
  220122     8.2
  220182     5.0
  320482     2.0
  320481     1.0
  320829     8.1
  320831     3.0
  320826     2.0
  320830     6.4
  320722    16.6
  320721    31.0
  320724     0.9
  320723     3.0
  320125     1.0
  320124     2.0
  320621     1.7
  320684     2.0
  320681     1.0
  320623     1.6
  320682     1.0
  320581     1.3
  320583     2.0
  320585     1.0
  320509     2.0
  320582     0.9
  321284     1.0
  321282     1.0
  321283     1.0
  321281     1.0
  320281     1.6
  320282     2.0
  321322     2.5
  321324     1.1
  321323     3.0
  320321    60.8
  320322    46.8
  320382    23.6
  320324     3.0
  320312    14.2
  320381    17.2
  320922     1.0
  320982     2.0
  320981     1.6
  320923     1.0
  320925     4.6
  320924     6.0
  320921     1.3
  321023     1.4
  321084     1.3
  321012     1.0
  321081     2.0
  321181     2.0
  321183     3.0
  321182     1.1
  361024     1.0
  361029     1.0
  361030    14.1
  361027    19.0
  361025     1.0
  361022    42.2
  361021    15.6
  361023    19.2
  361026     6.6
  361028    42.3
  360726     7.2
  360725     2.2
  360723     2.2
  360728     7.4
  360721     1.7
  360733     8.1
  360727     2.1
  360782     2.0
  360730     7.4
  360729     1.4
  360781     3.4
  360724     2.0
  360735     7.7
  360722     1.8
  360732     1.0
  360734    25.0
  360731     2.0
  360829     1.0
  360821     1.0
  360822     1.0
  360881     3.5
  360827     3.0
  360826     3.7
  360828     1.9
  360823     1.0
  360824     1.0
  360825     1.0
  360830     1.2
  360202     3.0
  360222     6.2
  360281     3.0
  360426     1.0
  360428     1.0
  360429     1.0
  360421     1.0
  360430     1.0
  360481     1.0
  360423     1.1
  360427     1.0
  360424     1.0
  360425     0.0
  360123     1.0
  360124     1.2
  360121     1.0
  360122     1.0
  360321     1.7
  360323     1.2
  360322     1.0
  361181     5.9
  361122    44.4
  361125    26.0
  361128     2.0
  361124    49.3
  361121    29.0
  361129     1.9
  361130     1.5
  361126    38.0
  361127     3.0
  361123    25.6
  360521     1.6
  360981     0.2
  360921     1.3
  360983     1.0
  360925     2.0
  360923     1.0
  360926     5.6
  360922     3.4
  360924     3.7
  360982     1.0
  360681    20.0
  360622     9.2
  210381    64.2
  210321    46.6
  210323    69.3
  210521    23.6
  210522    50.2
  210502    35.2
  211381    41.9
  211321     7.0
  211322    31.5
  211382     2.8
  210282    42.6
  210281    17.0
  210224    63.8
  210283    83.6
  210681    31.7
  210682    39.0
  210624    46.5
  210421    33.0
  210423    52.1
  210422    55.0
  210921    40.9
  210922    31.8
  211422     3.7
  211421     4.6
  211481     4.0
  210726    62.0
  210781     8.0
  210727    13.6
  211081    28.9
  211021    58.3
  211121    65.4
  211122    53.0
  210124    69.8
  210123    54.6
  210122    35.0
  210181    41.8
  211224    17.0
  211282    58.3
  211281    66.2
  211221    59.2
  211223    33.2
  210882    50.7
  210881    50.5
  152922     0.9
  152921     1.0
  152923     0.0
  150822     2.6
  150826     2.6
  150802     2.0
  150825     2.6
  150823     2.6
  150824     2.6
  150821     2.6
  150223     3.6
  150222     3.0
  150221     2.6
  150421     2.0
  150430    49.6
  150423     1.2
  150422     4.0
  150428    27.6
  150425     5.0
  150424     3.0
  150429    62.0
  150426    39.8
  150621     4.2
  150624     2.0
  150623     1.8
  150625     2.0
  150626     2.0
  150627     1.0
  150622     1.0
  150123     2.0
  150124     1.0
  150121     2.0
  150122     1.0
  150125     2.0
  150721     2.0
  150725     2.1
  150784    21.8
  150723     1.0
  150724     3.0
  150785     5.3
  150702     3.0
  150781    18.9
  150722     1.0
  150727     5.0
  150726     1.0
  150782     2.4
  150783     2.6
  150581     3.9
  150523     4.7
  150522     5.6
  150521     2.0
  150524    27.0
  150525    28.3
  150526     1.7
  150928     5.0
  150926     5.0
  150927     5.0
  150981     5.0
  150922     5.0
  150925     5.0
  150923     5.0
  150929     5.0
  150924     5.0
  150921     5.0
  152522     2.0
  152525     1.0
  152531     1.0
  152501     1.9
  152524     1.0
  152523     3.0
  152527     7.1
  152526     1.0
  152502     3.0
  152528     1.1
  152530     2.4
  152529     5.4
  152202     2.8
  152221     1.3
  152222     2.6
  152224     1.7
  152201     2.7
  152223     2.0
  640424    14.5
  640423     9.7
  640425     9.7
  640422    55.8
  640221     3.0
  640381     3.4
  640324     3.4
  640323    50.0
  640122     2.0
  640181     6.3
  640121     3.1
  640522     7.9
  640521     2.4
  632622     2.0
  632624     1.0
  632623     1.0
  632625     1.7
  632626     1.0
  632621     2.1
  632224     2.0
  632223     4.9
  632221     4.3
  632222     1.6
  632126     5.0
  632127     4.4
  632123     3.2
  632122     5.1
  632121     4.9
  632128     4.6
  632521     2.0
  632523     3.0
  632525     3.0
  632522     4.0
  632524     3.5
  632802     4.2
  632822     5.1
  632801     2.0
  632823     2.5
  632821     4.0
  632324     2.0
  632322     4.4
  632321     6.4
  632323     2.0
  630121     3.0
  630123     2.5
  630122     2.4
  632723     2.3
  632725     3.8
  632726     1.9
  632721     3.3
  632722     2.0
  632724     2.1
  371625    89.0
  371621    84.3
  371623    61.7
  371622    79.6
  371624    55.1
  371626    93.6
  371481    71.0
  371424    95.3
  371421    92.0
  371422    82.3
  371426    77.2
  371425    94.0
  371423    63.4
  371428    53.1
  371427    47.0
  371482    88.4
  370523    88.0
  370521    55.2
  370522    68.3
  371721    60.1
  371723    55.8
  371722    27.4
  371727    75.1
  371728    85.8
  371724    59.5
  371726    61.8
  371725    35.8
  370125    97.0
  370124    72.0
  370126    92.8
  370181    95.0
  370829    40.0
  370828    40.0
  370832    22.3
  370881    33.0
  370831    39.0
  370826    44.3
  370830    37.0
  370882    15.8
  370827    40.3
  370883    42.9
  371523    56.0
  371524    85.8
  371526    57.3
  371525    66.2
  371581    63.7
  371522    24.9
  371521    57.7
  371324    26.5
  371325    50.8
  371327    30.9
  371329    24.5
  371328    35.4
  371326    20.9
  371322    46.6
  371321    27.9
  371323    63.5
  370282    29.9
  370284    29.5
  370281    60.5
  370285    66.8
  370283    88.1
  371122    30.1
  371121    41.8
  370923    64.0
  370983    81.0
  370921    60.0
  370982    54.0
  371082    34.3
  371083    13.8
  371081    42.6
  370784    85.0
  370725    86.3
  370786    88.2
  370785    88.0
  370724    86.6
  370781    94.7
  370783    89.9
  370782    60.9
  370687    18.2
  370682    64.0
  370683    73.5
  370681    49.2
  370684    21.0
  370686    50.1
  370634    22.7
  370685    62.0
  370481    20.3
  370322    89.5
  370321    89.3
  370323    79.1
  140227     1.0
  140223     2.7
  140225     2.0
  140224     4.8
  140222     4.0
  140221     2.4
  140226     1.0
  140581    28.0
  140524    30.0
  140521    32.8
  140522     2.7
  140525     3.7
  140723     5.9
  140781     5.3
  140729     4.2
  140728    25.7
  140727    22.2
  140725     2.0
  140726     8.0
  140724     2.2
  140721    11.0
  140722    11.0
  141026    59.6
  141030    13.9
  141034     7.1
  141027     5.8
  141025     8.2
  141024     8.3
  141081     3.0
  141082     7.0
  141028    54.2
  141033    10.0
  141021     3.0
  141031     5.1
  141029    32.0
  141023     3.5
  141022     3.7
  141032     7.9
  141128     3.1
  141182     7.3
  141122     3.4
  141130     4.3
  141127     2.0
  141124     1.4
  141125     2.0
  141126     3.0
  141121     9.0
  141181     3.0
  141123     2.0
  141129     5.0
  140624     2.9
  140621     3.0
  140622     1.0
  140623     1.0
  140181     4.0
  140123     2.0
  140121     6.3
  140122     2.2
  140931     1.4
  140923     1.5
  140921     2.3
  140924     3.0
  140930     1.6
  140926     2.6
  140929     1.2
  140925     2.1
  140932     2.0
  140927     1.3
  140922     3.0
  140928     1.0
  140981     2.0
  140321     1.0
  140322     3.0
  140882    38.3
  140824     5.7
  140826     2.0
  140821    14.0
  140829     4.6
  140830     5.0
  140822    32.1
  140823     5.1
  140828     9.7
  140825     4.9
  140881     5.0
  140827     2.0
  140427    34.7
  140426    23.2
  140481    25.1
  140425    55.1
  140430    31.2
  140431    26.8
  140424    34.4
  140429    25.0
  140423    16.2
  140421    29.1
  140428    20.3
  610929     3.8
  610921    63.1
  610925    22.8
  610923    78.0
  610926    29.2
  610922    84.2
  610928    45.0
  610927    10.4
  610924    51.0
  610330    57.6
  610322    51.8
  610324    59.7
  610329    53.9
  610327    38.5
  610326    62.0
  610323    62.9
  610328    25.9
  610331    47.2
  610722    42.8
  610730    61.7
  610729    30.9
  610727    60.9
  610725    27.7
  610721    53.0
  610726    52.1
  610724    80.8
  610723    45.6
  610728    85.3
  611022     7.0
  611021    12.6
  611024    12.6
  611023    12.6
  611026    12.6
  611025    12.6
  610222    34.4
  610527    36.7
  610525    45.7
  610523     2.1
  610528    50.1
  610581    50.2
  610524    19.4
  610521    17.4
  610582    10.0
  610526    36.2
  610522    11.0
  610126    34.1
  610125    40.8
  610122    33.2
  610115    51.0
  610116    64.3
  610124    51.9
  610427    43.3
  610430    30.9
  610423    62.9
  610425    40.5
  610424    55.3
  610422    57.0
  610431    60.7
  610481    58.8
  610429    36.5
  610426    36.0
  610428    49.4
  610624    67.2
  610628    52.0
  610627    30.1
  610632    41.3
  610631    42.0
  610629    31.4
  610626    75.3
  610622    13.1
  610621    27.9
  610630    72.9
  610625    60.1
  610623     6.8
  610825    43.1
  610822     1.0
  610823     3.5
  610828     8.0
  610824    11.7
  610827     3.8
  610830     5.9
  610821     2.0
  610826     2.2
  610829     2.9
  610831     2.8
  310113     3.0
  310230     2.7
  310120     2.0
  310109     3.0
  310101     3.0
  310114     1.9
  310116     5.6
  310106     3.0
  310112     3.0
  310115     2.2
  310107     3.0
  310118     2.0
  310117     3.0
  310104     3.0
  310110     3.0
  310108     3.0
  310105     3.0
  513231     5.7
  513228    15.0
  513233     2.6
  513226    45.3
  513225     3.4
  513222    15.2
  513229    46.3
  513223     5.0
  513230    11.6
  513232     1.3
  513224     6.7
  513221    36.0
  513227    10.5
  511922    66.8
  511923    95.9
  511921    96.2
  510184    58.0
  510129    49.4
  510181    47.7
  510121    40.0
  510182    40.2
  510124    59.0
  510131    44.2
  510183    44.7
  510122    35.0
  510132    55.1
  511721    40.0
  511724    38.8
  511723    13.8
  511725    57.8
  511781    69.6
  511722    28.6
  510681    36.0
  510626    20.0
  510683    32.5
  510682    21.4
  510623    40.8
  513335    13.7
  513331     6.2
  513323    12.2
  513326    13.2
  513337     9.7
  513338     9.9
  513330     4.0
  513328     3.0
  513324    16.6
  513321    12.2
  513334    47.8
  513327    10.6
  513322    14.3
  513333     2.5
  513332     2.0
  513336     6.3
  513329    13.0
  513325    12.0
  511681    24.9
  511623    14.2
  511622    74.9
  511621    68.5
  510824    42.0
  510823    61.0
  510822     4.0
  510821    35.6
  511132    45.9
  511181    17.9
  511126    65.6
  511123    41.9
  511124    26.8
  511133    57.0
  511129    40.0
  513429    34.1
  513424    38.9
  513435    38.3
  513426    25.5
  513425    34.4
  513430    38.9
  513437    30.6
  513436    56.8
  513433    14.4
  513422     6.5
  513427    49.5
  513428    44.9
  513401    12.0
  513432    30.0
  513423    11.9
  513434    17.1
  513431    47.2
  510525    18.7
  510522    27.0
  510521    77.3
  510524    31.2
  511424    45.3
  511423    30.2
  511422    40.0
  511425    62.7
  511421    37.7
  510724    63.5
  510726    27.3
  510781     3.0
  510727     5.0
  510722    50.8
  510723    53.2
  510725    61.0
  511381    54.0
  511321    73.9
  511323    84.0
  511325    90.8
  511324    82.7
  511322    86.7
  511028    86.0
  511024    38.2
  511025    59.8
  510421    41.3
  510411    68.8
  510422    67.2
  510923    86.8
  510921    91.2
  510922    81.6
  511827    14.9
  511823    11.7
  511826    62.8
  511803    41.0
  511824     8.7
  511825    44.0
  511822    17.2
  511525    49.0
  511526    33.3
  511523    51.4
  511527    42.6
  511503    58.3
  511529    22.0
  511528    27.3
  511521    33.1
  511524    52.0
  512021    93.0
  512081    56.1
  512022    86.1
  510322    67.8
  510321    48.0
  120115    32.8
  120113    24.3
  120110     5.0
  120101     7.4
  120105     9.5
  120102     6.6
  120103     5.9
  120106    11.0
  120225     4.4
  120112     5.3
  120223     4.1
  120104     7.2
  120221    22.9
  120114    17.3
  120111     6.0
  542527    12.7
  542523     8.7
  542526    43.2
  542525    28.2
  542521    44.1
  542524     8.4
  542522    14.6
  542127    11.0
  542133    26.4
  542126    15.0
  542121     2.6
  542125     6.0
  542123     5.1
  542122     2.1
  542124     7.6
  542132     8.1
  542129    11.9
  542128    13.8
  540126    24.5
  540122    28.0
  540125    15.0
  540121    72.0
  540127    11.3
  540123     7.0
  540124    12.6
  542625     7.8
  542626    11.1
  542622    12.5
  542627    10.8
  542621    30.2
  542623     7.2
  542624    12.8
  542425     3.2
  542429     5.8
  542428     5.6
  542423    20.1
  542422    11.4
  542421     7.7
  542430     4.9
  542424     4.3
  542426     4.4
  542427     3.1
  542327    14.7
  542329    17.2
  542332    27.0
  542324     8.0
  542338    16.9
  542335    36.7
  542323    12.4
  542331     6.0
  542326    11.6
  542322    21.2
  542336    22.0
  542330    11.7
  542337    48.9
  542325    22.1
  542328    14.1
  542334    23.0
  542333    53.2
  542227     2.2
  542232    17.4
  542223    14.7
  542229     9.4
  542233    19.2
  542231     5.8
  542228    11.3
  542221    18.7
  542225     7.9
  542226    11.0
  542224    13.8
  542222    21.2
  652928    47.0
  652926    74.4
  652929     8.2
  652923    36.0
  652924    64.7
  652922    19.8
  652927    30.7
  652925    46.1
  652829    51.0
  652827    57.0
  652828    44.0
  652801    25.0
  652822     9.6
  652825    51.7
  652824     4.7
  652823    17.5
  652826    41.7
  652701    45.0
  652722    85.0
  652723    46.5
  652301    43.0
  652302    29.6
  652323    42.4
  652327    47.2
  652324    64.1
  652328    59.7
  652325    55.0
  652222    53.9
  652223    48.7
  653225    39.7
  653221     7.2
  653224    48.3
  653227    39.7
  653222    22.7
  653223    56.9
  653226    45.3
  653130    20.7
  653129     3.0
  653127    18.2
  653125     5.7
  653121     3.9
  653122     2.6
  653131    12.0
  653126    44.6
  653123     3.0
  653128     2.0
  653124    18.4
  653023    12.0
  653022    17.3
  653001     3.9
  653024    16.0
  652122    54.0
  652123    39.0
  650121    45.1
  654022    48.0
  654024    71.8
  654023    43.9
  654003    17.3
  654028    46.2
  654027    81.0
  654025    29.4
  654002    52.0
  654026    66.5
  530524    12.7
  530523    46.6
  530521    56.0
  530522    17.2
  532301     7.0
  532326    12.7
  532331    37.9
  532323    40.7
  532324    26.2
  532322    57.8
  532329    54.9
  532325    30.5
  532327    47.4
  532328    37.8
  532924    11.0
  532901     6.8
  532930    17.3
  532932    42.8
  532931    19.0
  532925     6.6
  532926     1.8
  532927     2.5
  532923    23.6
  532922     6.0
  532928    15.0
  532929    33.9
  533122    49.7
  533124    42.3
  533103    48.5
  533102    55.9
  533123    51.7
  533422     7.4
  533423    49.3
  533421    12.6
  532501     6.0
  532532     2.1
  532529     5.0
  532524     3.1
  532530     3.2
  532502     6.0
  532527     3.8
  532531     2.0
  532503     2.0
  532526    10.9
  532523     2.5
  532525     3.1
  532528     4.2
  530181    17.8
  530114    11.4
  530124    34.4
  530122     6.7
  530128    46.4
  530126    13.3
  530127    10.0
  530129    12.0
  530125     7.8
  530723    53.1
  530724    31.4
  530722    18.4
  530721    20.5
  530927     3.3
  530921     3.6
  530926     5.7
  530925    13.0
  530923    10.0
  530922     5.0
  530924    44.6
  533323    67.2
  533324    21.7
  533325    21.0
  533321    25.1
  530826     3.2
  530823    10.9
  530824     2.7
  530828     7.1
  530827     6.1
  530822     4.0
  530821     1.0
  530829     9.0
  530825     5.0
  530325     3.0
  530326     6.4
  530322     3.2
  530324     2.0
  530321     1.0
  530323     2.0
  530381     2.0
  530328     1.5
  532628     1.1
  532627     1.0
  532624     2.7
  532625     1.6
  532626     1.0
  532601     2.0
  532623     2.0
  532622     1.6
  532801     2.5
  532822     6.0
  532823     1.0
  530422    22.0
  530426    11.1
  530424    11.5
  530421     7.2
  530423     4.8
  530427    19.2
  530425    37.0
  530428     4.1
  530624    35.6
  530621    69.4
  530622    37.6
  530630    32.6
  530626    40.8
  530629    33.3
  530623    50.2
  530628    34.4
  530625    22.5
  530627    49.3
  330127    37.0
  330183    62.5
  330182    24.7
  330185    18.8
  330122    48.2
  330523    12.3
  330521    20.0
  330522     1.2
  330481    26.8
  330424    23.1
  330421     4.0
  330482    14.4
  330483    20.3
  330783    53.3
  330781    21.0
  330727    29.3
  330726    32.3
  330723    36.8
  330782    34.4
  330784    35.9
  331122    48.6
  331127    28.8
  331181    30.3
  331121    51.5
  331126    45.0
  331124    51.3
  331123    40.1
  331125    47.7
  330282    54.1
  330283    34.4
  330226    40.0
  330225    27.2
  330281    40.8
  330822    46.8
  330881    52.1
  330824     9.8
  330825    54.6
  330682    47.4
  330621    31.0
  330683    48.8
  330624    67.0
  330681    27.0
  331082    45.4
  331022    44.0
  331023    11.8
  331081    55.9
  331024    19.2
  331021    58.9
  330327    12.2
  330322    32.5
  330382    23.2
  330326    18.4
  330381    23.7
  330329    26.8
  330328    36.4
  330324    54.5
  330921    43.8
  330922     2.2
  500113     1.0
  500109     9.4
  500227    35.7
  500229    11.4
  500104     3.2
  500231    32.0
  500230     2.8
  500236     1.0
  500102     7.0
  500117    58.1
  500105    17.0
  500116     9.1
  500107     4.2
  500234    12.7
  500228    29.3
  500108     9.8
  500119     2.0
  500243     1.3
  500114     1.0
  500226    85.1
  500106     9.4
  500240     3.0
  500224    71.4
  500223    90.6
  500101    15.4
  500237     2.1
  500238     6.1
  500232     2.0
  500241     1.0
  500118    42.9
  500242     2.0
  500112    18.3
  500103     6.8
  500235     6.3
  500115    19.4
  500233    41.1
  110000    39.6
  120000     6.1
  130100     2.0
  130200    23.0
  130300     5.3
  130400    40.0
  130500    31.7
  130600     4.3
  130700     4.0
  130800     6.7
  130900    21.5
  131000    12.5
  131100    65.2
  140100     2.0
  140200     2.0
  140300     1.0
  140400    24.9
  140500     3.5
  140600     1.6
  140700     2.8
  140800     9.0
  140900     2.1
  141000     6.9
  141100     3.0
  150100     2.0
  150200     2.0
  150300     2.9
  150400    33.5
  150500     3.1
  150600     1.0
  150700     2.9
  150800     2.7
  150900     4.8
  152200     3.1
  152500     3.0
  152900     2.0
  210100    55.0
  210200    72.6
  210300    61.4
  210400    59.4
  210500    35.0
  210600    37.6
  210700     6.0
  210800    44.1
  210900    34.9
  211000    53.4
  211100    53.0
  211200    60.4
  211300    43.3
  211400     4.0
  220100    38.8
  220200    66.4
  220300    22.0
  220400    12.9
  220500    64.0
  220600    48.2
  220700     1.4
  220800     2.0
  222400    30.0
  230100     2.9
  230200     1.3
  230300    64.8
  230400     2.3
  230500     1.0
  230600     2.0
  230700     3.0
  230800     1.2
  230900    25.1
  231000    46.5
  231100     5.0
  231200     2.0
  232700    31.0
  310000     3.0
  320100     1.4
  320200     1.0
  320300    17.5
  320400     2.0
  320500     1.0
  320600     1.0
  320700    15.9
  320800     3.0
  320900     1.9
  321000     1.1
  321100     2.9
  321200     1.0
  321300     3.0
  330100    44.4
  330200    42.7
  330300    40.2
  330400    11.1
  330500     4.8
  330600    30.5
  330700    47.6
  330800    46.4
  330900    50.5
  331000    18.0
  331100    56.0
  340100     2.0
  340200     1.0
  340300     7.8
  340400     6.9
  340500     1.0
  340600     7.4
  340700     1.6
  340800     1.0
  341000     9.5
  341100     1.2
  341200     1.0
  341300     2.0
  340181     1.0
  341500     1.5
  341600     3.8
  341700     1.0
  341800     1.0
  350100    32.6
  350200    18.4
  350300    38.9
  350400    69.7
  350500    26.9
  350600    24.9
  350700    46.6
  350800    49.8
  350900    49.4
  360100     1.0
  360200     3.0
  360300     1.0
  360400     1.0
  360500     1.0
  360600    17.0
  360700     1.0
  360800     1.0
  360900     2.0
  361000     1.3
  361100    30.6
  370100    95.0
  370200    36.3
  370300    87.0
  370400    38.8
  370500    75.7
  370600    29.7
  370700    85.8
  370800    11.2
  370900    88.1
  371000    17.9
  371100    19.6
  371200    79.1
  371300    30.7
  371400    54.6
  371500    60.1
  371600    83.6
  371700    76.0
  410100    50.7
  410200    45.6
  410300    37.5
  410400     1.0
  410500    43.9
  410600    46.9
  410700    50.0
  410800    33.5
  410900    44.3
  411000     6.6
  411100     2.0
  411200     5.0
  411300     1.0
  411400    23.8
  411500     1.2
  411600     3.2
  411700     0.9
  420100     1.0
  420200     1.0
  420300     1.0
  420500     1.3
  420600     1.0
  420700     0.9
  420800     1.1
  420900     1.1
  421000     1.7
  421100     1.0
  421200     1.0
  421300     1.2
  422800     1.2
  430100     1.1
  430200     2.0
  430300     1.5
  430400     1.0
  430500     2.0
  430600     1.0
  430700     1.0
  430800     2.0
  430900     1.0
  431000     6.0
  431100     2.0
  431200     1.0
  431300     2.0
  433100     1.0
  440100    48.5
  440200     4.7
  440300    31.8
  440400     7.4
  440500    47.2
  440600    46.9
  440700    32.6
  440800    19.9
  440900    33.5
  441200    41.0
  441300    17.2
  441400    54.9
  441500    22.5
  441600    43.7
  441700    49.3
  441800    33.0
  441900    46.1
  442000    17.3
  445100    32.6
  445200    48.3
  445300    49.2
  450100     1.0
  450200     1.0
  450300     2.0
  450400    10.6
  450500     8.7
  450600     3.0
  450700     4.7
  450800     4.8
  450900     8.4
  451000    11.0
  451100     2.0
  451200     3.4
  451300     1.1
  451400     3.0
  460100    43.4
  460200    50.1
  500000     6.9
  510100    38.1
  510300    59.5
  510400    70.6
  510500    53.7
  510600    32.0
  510700    27.2
  510800    38.5
  510900    98.3
  511000    79.8
  511100    26.7
  511300    91.8
  511400    37.4
  511500    25.3
  511600    53.1
  511700    43.6
  511800    34.2
  511900    69.3
  512000    73.0
  513200    23.8
  513300     8.7
  513400    14.7
  520100     2.6
  520200     1.2
  520300     1.5
  520400     1.4
  520600     1.0
  522300     1.1
  520500    59.5
  522600     1.1
  522700     1.9
  530100    18.9
  530300     2.0
  530400     4.1
  530500    26.8
  530600    15.7
  530700    39.8
  530800     2.3
  530900    19.5
  532300    40.7
  532500     6.1
  532600     1.5
  532800     5.8
  532900     6.3
  533100    40.5
  533300    30.1
  533400    16.9
  540100    11.5
  542100     4.0
  542200    20.0
  542300    16.7
  542400    10.4
  542500     4.0
  542600    17.2
  610100    58.9
  610200    56.1
  610300    45.2
  610400    56.9
  610500    39.7
  610600    57.4
  610700    57.0
  610800     3.0
  610900    30.0
  611000    12.8
  620100     1.6
  620200     5.2
  620300     2.0
  620400     1.0
  620500    10.5
  620600     4.0
  620700     3.6
  620800    40.5
  620900     3.4
  621000    24.9
  621100     8.0
  621200     5.0
  622900     3.0
  623000     2.9
  630100     2.0
  632100     5.8
  632200     3.0
  632300     6.2
  632500     6.0
  632600     1.0
  632700     4.0
  632800     1.0
  640100     2.2
  640200     3.2
  640300     3.0
  640400     8.6
  640500     1.9
  650100    55.7
  650200    53.0
  652100    55.9
  652200    44.0
  652300    43.1
  652700    44.3
  652800    55.0
  652900    39.4
  653000     3.3
  653100     3.0
  653200    40.8
  654000    52.0
  654200    71.0
  710000    50.1
  810000    21.0
  820000    37.1
  520203     2.0
  520601     1.0
  520603     0.0
  520501    57.0
  542301    16.9
  620201     5.0
  620901     3.0
  622927     4.0
  650109    50.2
  652101    57.0
  652201    43.4
  653201    42.6
  652901    39.1
  653101     3.0
  469001    49.6
  469002    22.7
  469003    35.9
  469006    48.0
  469007    15.8
  469023    51.4
  469021    39.4
  469022    47.8
  469024    17.2
  469025    42.1
  469026    32.0
  469027    44.1
  469028    37.5
  469029    27.1
  469030    42.6
  469005    28.0
  340102     2.0
  340803     1.0
  340802     1.0
  340303     7.6
  340311     8.0
  340302     8.1
  340304     7.0
  341602     2.4
  341702     1.0
  341102     1.6
  341103     1.2
  341203     1.5
  341204     1.0
  341202     1.4
  340602    14.1
  340604     3.4
  340603     6.0
  340405     6.5
  340402     7.6
  340406     6.0
  340403     7.9
  340404     8.2
  341003     4.1
  341004     9.7
  341002     3.7
  341502     1.0
  341503     1.5
  340503     1.0
  340504     1.0
  340703     1.1
  340702     1.7
  340202     1.0
  340207     1.0
  341802     1.0
  350104    37.1
  350102    31.3
  350111    50.9
  350105    43.0
  350103    34.4
  350802    54.0
  350702    46.1
  350902    52.8
  350302    39.0
  350303    40.0
  350304    40.8
  350305    18.9
  350503    24.8
  350502    29.4
  350504    47.2
  350505    27.9
  350402    70.0
  350403    68.8
  350205    24.8
  350206    19.2
  350211    29.0
  350203    13.7
  350212    35.9
  350213    17.8
  350603    24.3
  350602    24.7
  620402     1.0
  620403     3.6
  621102     6.7
  620302     2.0
  620922     2.0
  620902     6.0
  620105     1.9
  620102     1.5
  620111     2.0
  620103     2.1
  620104     2.0
  621202     5.7
  620802    44.2
  621002    19.6
  620503    46.2
  620502     1.0
  620602     4.0
  620702     3.9
  445102    26.8
  440604    43.0
  440608    43.0
  440605    42.7
  440607    40.2
  440606    59.5
  440111    23.3
  440105    49.9
  440114    27.8
  440112    59.2
  440103    48.5
  440106    49.5
  440104    46.1
  441602    42.1
  441302    17.0
  441303    19.6
  440704    53.0
  440703    47.8
  440705    17.0
  445202    50.6
  440903    25.2
  440902    35.4
  441402    54.5
  441802    32.0
  440514    44.5
  440513    47.2
  440515    47.2
  440512    46.6
  440511    48.7
  440507    49.0
  441502    15.0
  440205     3.0
  440203     8.0
  440204     1.0
  440306    25.7
  440304    32.0
  440307    20.0
  440303    28.8
  440305    31.0
  440308    21.5
  445302    51.9
  440802    30.2
  440811    18.4
  440804    17.6
  440803    18.8
  441203    48.2
  441202    40.7
  440403     8.9
  440404    13.3
  440402    24.3
  451002     8.6
  450502     6.1
  450512    14.5
  450503     6.6
  451402     1.8
  450603     4.2
  450602     3.0
  450802     3.0
  450803    26.8
  450804     4.6
  450303     1.0
  450305     1.4
  450304     1.9
  450302     1.4
  450311     2.0
  451202     5.0
  451102     2.0
  451302     1.0
  450202     1.0
  450205     1.0
  450204     1.0
  450203     1.0
  450105     1.9
  450108     2.0
  450103     3.0
  450107     2.0
  450102     3.0
  450109     3.1
  450703     4.0
  450702     6.0
  450404     8.0
  450403    12.5
  450405     6.1
  450902     6.9
  520402     1.0
  520113     1.9
  520111     2.0
  520102     2.2
  520112     2.1
  520114     2.0
  520103     2.1
  520201     4.3
  520302     1.4
  520303     1.2
  460106    47.6
  460108    54.0
  460107    38.5
  460105    46.2
  460201    55.8
  130603     4.1
  130604     4.8
  130602     4.2
  130105    19.4
  130903    21.6
  130803     7.5
  130802     4.8
  130804     3.0
  130403    39.9
  130406    42.4
  130404    40.0
  130402    40.4
  131102    65.6
  131002    15.7
  131003    17.8
  130304     5.2
  130302     5.0
  130303     6.1
  130107     2.8
  130185     2.0
  130104     2.0
  130902     2.0
  130108     2.0
  130102     2.0
  130207    16.7
  130208    30.6
  130204    28.9
  130205    30.6
  130203    25.5
  130202    19.4
  130502    33.1
  130503    39.1
  130702     2.6
  130703     2.0
  130706     4.0
  130705     4.0
  410503    47.8
  410506    43.0
  410502    54.9
  410505    45.2
  410602    41.8
  410611    41.1
  410603    43.6
  410802    33.4
  410804    38.4
  410811    33.8
  410803    32.4
  410204    43.0
  410202    43.0
  410203    43.0
  410304    44.0
  410306    27.0
  410305    30.5
  410302    37.0
  410311    41.1
  410303    30.4
  411103     2.0
  411102     2.0
  411104     2.0
  411302     1.0
  411303     1.0
  410404     4.4
  410403     1.0
  410402     1.0
  410411     1.0
  410902    44.3
  411202     5.8
  411402    25.0
  411403    19.8
  410704    50.0
  410702    49.6
  411503     1.7
  411502     2.0
  411002     6.3
  410103    51.0
  410104    49.8
  410105    51.0
  410106    40.7
  410102    47.7
  411602     3.1
  411702     0.6
  230606     1.0
  230605     2.0
  230603     3.0
  230604     2.0
  230602     2.2
  230112     2.7
  230102     2.7
  230104     2.7
  230111     3.0
  230103     2.0
  230108     3.0
  230109     2.7
  230110     3.0
  230406     3.0
  230403     2.4
  230404     2.1
  230402     2.5
  230405     1.9
  230407     2.7
  231102     4.2
  230306    57.0
  230304    59.4
  230303    68.8
  230302    71.0
  230305    70.8
  230307    66.2
  230804     1.0
  230803     2.5
  231004    46.2
  231002    30.0
  231003    49.0
  230904    16.5
  230903    23.8
  230902    10.8
  230205     1.0
  230206     2.0
  230203     1.0
  230202     1.0
  230208     2.0
  230207     1.1
  230204     2.6
  230506     2.0
  230502     1.0
  230503     2.0
  230505     1.4
  231202     2.0
  230706     2.0
  230713     4.0
  230715     3.8
  230709     4.0
  230708     8.4
  230703     2.4
  230716     5.6
  230712     9.0
  230711     3.0
  230714     8.8
  230710     3.0
  230705     3.0
  230707    12.9
  230702     3.0
  230704     4.0
  420704     0.2
  420703     1.0
  420702     1.0
  421102     1.0
  420202     0.9
  420203     1.0
  420205     0.0
  420204     0.9
  420802     1.2
  420804     2.0
  421003     1.9
  421002     1.0
  420302     1.8
  420303     1.1
  421303     2.0
  420114     3.0
  420112     2.1
  420113     3.0
  420105     1.4
  420111     1.0
  420116     1.0
  420102     1.0
  420103     1.4
  420115     1.0
  420107     1.0
  420106     1.0
  420117     1.0
  421202     1.0
  420606     1.4
  420602     2.0
  420902     1.6
  420504     1.0
  420505     1.0
  420503     1.0
  420502     1.0
  420506     1.0
  430703     1.1
  430702     1.1
  431002     9.1
  431003     6.0
  430407     1.0
  430406     1.0
  430408     1.0
  430405     1.0
  431202     1.0
  431302     2.0
  430511     2.0
  430503     1.5
  430502     2.0
  430302     1.3
  430304     1.8
  430903     1.0
  430902     1.0
  431103     1.8
  431102     1.9
  430611     1.0
  430602     1.0
  430603     1.0
  430811     2.0
  430102     1.2
  430105     1.2
  430103     1.0
  430111     1.2
  430104     1.0
  430202     1.9
  430203     2.0
  430204     2.0
  430211     2.0
  220802     2.0
  220605    32.2
  220202    59.8
  220204    67.5
  220211    56.9
  220203    72.0
  220402    12.8
  220403    11.4
  220702     2.9
  220502    62.2
  220503    60.5
  220104    23.2
  220105    60.8
  220103    23.1
  220106    10.0
  220102    37.5
  220112    29.1
  320405     2.0
  320402     2.0
  320412     1.9
  320404     2.0
  320802     3.8
  320811     4.2
  320706     5.0
  320703    16.0
  320705     5.9
  320103     1.8
  320106     1.1
  320105     0.3
  320115     1.6
  320116     2.0
  320111     0.5
  320113     1.8
  320104     2.0
  320107     1.0
  320102     1.6
  320114     0.8
  320602     0.9
  320611     0.2
  320612     2.0
  320508     2.0
  320505     1.0
  320506     1.0
  320507     1.4
  321203     1.0
  321202     1.0
  320204     1.0
  320202     1.0
  320206     1.5
  320203     1.0
  320205     1.1
  321302     3.0
  321311     2.6
  320302    14.0
  320305    29.3
  320311    14.2
  320303    15.1
  321002     1.1
  321112     2.1
  321102     1.2
  321111     2.1
  360702     1.0
  360802     1.0
  360803     2.1
  360203     2.7
  360402     1.0
  360403     1.0
  360102     1.0
  360104     1.0
  360105     1.0
  360103     1.0
  360302     1.0
  360313     1.2
  361102    32.5
  360502     1.0
  360902     1.6
  360602    18.0
  210304    59.6
  210311    62.1
  210302    59.4
  210504    34.6
  210505    39.6
  210503    27.1
  211324    23.5
  211303    53.0
  211302    45.0
  210211    57.1
  210213    31.8
  210212    35.0
  210204    69.9
  210203    72.7
  210202    73.0
  210602    35.0
  210604    35.0
  210603    39.0
  210403    47.0
  210411    65.0
  210404    58.6
  210402    58.2
  210902    37.4
  210905    40.1
  210904    32.0
  210911    43.8
  210903    29.2
  211402     4.0
  211403     4.0
  211404     4.1
  210782    16.4
  210702     6.0
  210703     6.0
  210711     6.0
  211002    57.7
  211005    51.2
  211004    56.2
  211011    57.7
  211003    56.7
  211102    53.0
  211103    53.0
  210104    51.0
  210112    35.7
  210102    48.5
  210105    55.5
  210103    48.8
  210111    18.9
  210106    56.0
  210114    53.4
  211204    58.0
  211202    59.9
  210804    42.2
  210811    59.1
  210803    66.0
  210802    72.0
  150202     2.3
  150203     1.0
  150204     2.0
  150205     2.0
  150402    34.1
  150404    19.4
  150403    46.8
  150103     2.0
  150102     2.0
  150104     2.0
  150502     5.5
  150302     3.0
  150303     2.6
  150304     2.2
  150902     4.5
  640402     9.8
  640202     2.6
  640205     4.0
  640303     1.0
  640302     3.0
  640106     2.1
  640105     4.5
  640104     2.9
  640502     2.0
  630105     2.0
  630102     2.0
  630104     2.0
  630103     2.0
  371602    83.0
  371402    55.1
  370502    78.4
  370503    43.1
  371702    73.4
  370104    94.2
  370112    95.0
  370102    94.5
  370103    95.8
  370105    94.0
  370113    96.0
  370811    21.0
  371203    75.6
  371202    85.6
  371502    35.0
  371312    25.9
  371302    22.7
  371311    33.0
  370214    24.9
  370211    36.4
  370212    25.2
  370213    27.9
  370203    38.0
  370202    38.0
  370205    34.7
  371102    26.3
  371103    24.5
  370911    87.5
  370902    88.4
  371002    28.5
  370704    84.9
  370703    91.7
  370705    85.0
  370702    86.7
  370611    40.6
  370613    30.0
  370612    24.7
  370602    30.7
  370406    22.4
  370402    44.4
  370405    48.0
  370403    42.4
  370404    48.4
  370304    87.0
  370305    90.0
  370303    87.4
  370306    93.5
  370302    87.0
  140202     2.0
  140211     2.0
  140212     1.6
  140702     5.2
  141002    10.9
  141102     5.6
  140603     2.0
  140602     2.4
  140108     2.8
  140110     2.2
  140109     3.9
  140105     2.0
  140107     2.0
  140106     2.0
  140902     3.0
  140302     1.0
  140203     1.0
  140802    13.5
  140402    25.5
  610902    47.6
  610304    37.9
  610303    60.0
  610302    60.0
  610702    58.0
  611002    19.0
  610204    53.6
  610502    33.8
  610111    49.0
  610103    60.5
  610104    58.3
  610112    48.4
  610114    38.6
  610113    63.8
  610402    58.5
  610404    55.8
  610403    59.2
  610602    40.6
  610802     2.5
  511902    78.6
  510108    40.4
  510106    38.8
  510104    38.2
  510112    55.0
  510113    57.4
  510105    41.8
  510115    59.0
  510107    37.1
  510114    37.7
  511702    44.9
  510603    27.4
  511602    56.9
  510812    50.0
  510802    36.0
  510811    35.3
  511113    53.4
  511111    31.1
  511102    19.4
  511112    30.6
  510502    59.4
  510504    74.8
  510503    54.9
  511402    62.2
  510703    27.0
  510704    31.7
  511303    88.8
  511304    91.0
  511302    88.8
  511011    92.2
  511002    71.7
  510402    71.3
  510403    66.4
  510904    97.4
  510903    96.2
  511802    28.8
  511502    42.4
  512002    82.8
  510304    62.6
  510303    51.0
  510311    62.0
  510302    51.0
  120116     4.4
  540102    10.8
  542431     7.0
  654321    56.0
  654323    42.0
  654322    39.3
  654324    60.0
  654326    48.0
  654325    13.0
  650204    40.0
  650202    23.0
  650203    38.0
  650205    47.0
  659002    17.5
  659001    70.8
  659003    13.7
  659004    25.0
  654221    54.6
  654226    24.0
  654223    26.5
  654224    45.5
  654202    53.0
  654225    79.0
  650103    56.0
  650105    52.7
  650102    55.2
  650106    54.2
  650104    55.1
  530502    16.0
  530113    39.8
  530111    20.3
  530103    43.2
  530102    37.6
  530112    20.4
  530702    47.5
  530902    20.1
  530802     3.0
  530302     2.0
  530402     5.1
  530602    39.0
  330108    45.8
  330105    42.2
  330104    43.2
  330102    44.1
  330106    45.8
  330103    43.6
  330109    34.3
  330110    46.2
  330503     7.2
  330502     3.0
  330402     8.6
  330703    49.0
  330702    48.5
  331102    57.9
  330206    32.0
  330203    43.1
  330205    50.3
  330204    41.8
  330212    39.0
  330211    52.9
  330802    47.9
  330803    43.8
  330602    32.1
  331003    22.6
  331002    28.8
  331004    36.1
  330303    25.1
  330302    39.1
  330304    38.9
  330902    52.2
  330903    47.2
  654300    17.0
  361002     2.0
  320903     1.0
  320804     2.4
  321003     1.0
  440113    49.4
  340111     2.0
  150602     1.0
